
3428140
1043524
70329740
2762767
1686403
1252659
70004600
291208
70041525
652491
70111341
2497576
70520572
1069316
499818
2801332
70517257
423411
957144
70208729
3378368
2152101
2988959
2801341
745285
2801336
1474677
2435502
1024777
1055882
528426
1387486
1254087
70398931
1063891
1814180
1114457
1331015
1037062
70069026
1055497
793892
2808257
647965
1071226
4614286
1040353
70480483
652492
1977541
1470618
70152007
70074697
588585
1675226
1452944
3160600
3503305
2510427
1108926
1021593
2398173
1404603
2091064
