
70578373
70531085
70487125
70585923
70280360
70511626
70520265
70432024
70041402
2152101
70518558
70508454
70477998
70533152
70528718
70380624
70152007
70515048
70502770
2040035
70468734
70346569
70469973
70303693
70460051
70398931
70204286
70303848
70262530
2789685
70184206
70329740
2241923
70273884
70274447
70293175
3135655
70409779
70400090
70317708
70216022
2895705
70168371
70143422
70192453
70069026
70349062
70308327
70183645
70329778
70306905
70328352
70167966
70359030
70368628
1040353
70290090
70166348
70225231
70369159
70340104
70363413
70354406
70303555
70161945
70187767
70261240
268246
70167303
70170065
70348586
70123027
70210470
2414038
70297855
3509492
70245964
70129453
70159072
70058807
70300740
70237993
70313817
70022093
70142590
4604942
70315075
70328477
70143038
70296001
70323592
70197681
70175607
70030156
70181503
70181162
70158870
70279544
70313050
3326002
70292598
70084835
70133138
70153790
70134580
70167952
70214544
70170143
70294762
70210666
3584630
4543794
70308351
70195803
70082488
70313677
70075654
70196391
70231935
70261867
70186179
4614286
2138844
70033534
2989360
4538037
4604865
70300402
70136258
70293604
70200172
2976446
70032210
70160114
70298275
70203403
70124521
70236811
3135392
261221
70166098
70072530
70210717
70293046
70228949
70140535
3153342
70171930
70162895
1714833
70196010
70230494
1487172
70022023
3133634
70287403
70126328
70139604
70030490
70065105
70081816
3546128
70158431
70186293
3157897
70230118
70066874
70065416
3332075
70150445
3124557
70244512
70253913
4589163
70240234
70244046
70187909
70131180
70216664
70281073
3266243
70195775
1126164
70150826
4582207
70246040
70007640
1811691
70069190
70197536
70073577
70270774
70149809
70241096
70160359
70265687
2750501
70140080
70083134
70185433
70185523
4618497
70180068
70173158
70171286
3307654
70181933
70154682
70164740
70153967
70152090
70162098
70035109
70127021
70160095
70211099
70116185
70179011
1727396
70154595
70218764
70158516
70152245
70167072
2787561
70137994
70099498
70194774
70210525
1404888
4611759
70087845
70215116
70236180
70069188
70198361
70148666
70231829
70040277
70151410
2504542
70124359
70141080
70163084
70196229
70178849
70115676
70130871
70224847
4562965
1834496
70201424
1423814
70127235
1049616
70165848
70196497
70082337
70183739
70103942
70221817
70163754
70115841
4557584
3356487
70222515
70133193
70218607
70203749
70061682
3311038
70193388
70147595
70046256
70079945
70095006
70028788
70163391
70159894
70175161
70160127
70201181
70178827
70144842
70177049
70153428
2434579
70160115
1224394
70196238
70203693
2504689
70168734
70202387
70201259
70196271
70097818
2513516
2435502
70152901
70197241
70172660
1071885
70114706
70162623
70192835
70179454
70140748
2976560
70142294
70135320
70113152
70159160
70109508
70185394
70162838
2424223
70102007
70169872
3189772
70106710
3428140
4556980
70176723
4530390
3378368
70182113
1867169
70068581
70182095
70131954
70069106
70056302
400008
3123133
2274761
1791468
3118976
70140611
70126367
3138963
70172097
70156934
1725529
70112108
70096424
3587822
3125744
70081263
3138154
3426594
70163352
70161404
1381000
70152765
70081443
3536022
70081303
70139350
2504541
4571714
2993093
70074312
70113957
70082090
70097278
70119073
70116927
2513741
70056012
70115717
70106799
70125530
70050252
70059791
2424056
70116814
70065939
4581885
70053226
70114415
70060236
70096305
70117041
70075986
70040101
2801332
4621474
2801341
1867743
70109939
70113345
70071615
70111419
2726872
70112094
1186522
70111813
2273843
4242213
3199936
70110061
70107059
2992584
2111313
70047707
70057510
70064057
70083230
3265447
70083032
70096787
683616
70046582
70100691
4592003
70091135
4588488
70067844
70016189
70093753
70065385
70069215
70068507
3538961
3516808
70012240
1814180
70035090
3134267
2896046
3166467
70052396
70041525
3510719
2004528
3278129
70044761
70051820
3379962
70008969
1366787
3620648
70016585
2439730
70016220
70000093
3543670
70045183
4588627
70004513
4635401
3612681
2894242
2724735
3255374
70004807
70067616
3513663
4579954
3514158
1205946
70069328
3543588
3135905
70013081
70048539
70038669
70038671
3225606
3197507
2426325
1096417
3116067
3498062
70045415
70056160
2408683
1199465
594386
70053388
3135749
2783371
2808257
70058223
3300065
1191335
3505887
3140607
1826836
1128781
684790
1742052
70005287
3460382
2763468
2295696
3521613
70022278
3163435
70013395
70004609
2488015
3585636
3190918
70032822
3479716
70019712
70008251
3515552
3125334
2240001
782729
958013
1178865
4621484
3281103
2436259
4599567
3320899
4578836
3424417
3345558
3136465
3298439
70008493
70002482
3148346
2137334
3152071
2756375
3176551
2757905
3167786
3130890
4627586
4627944
4623782
3145085
1380727
3264331
3472834
2494911
673219
3287768
3434638
3505452
2666403
1320830
4611024
2419706
3147028
2100020
3542317
2467941
1707683
3287907
4611609
1789479
2898146
2512242
2505320
686042
2295693
3276535
2515759
3300680
3315525
4594113
3160011
2470314
3540567
3160600
3547410
1766931
4541775
2240013
3283070
2813727
2494921
4106561
3131880
2083588
2097644
2114425
2765853
4555989
3131359
3219882
3363007
1798799
3543901
3290254
3143883
3476469
1726163
3526325
1044708
3129292
3455788
3511057
3283199
3121490
2780686
1863660
2485516
2750311
3531841
3560471
3491672
2731916
3285668
3428763
2753826
3160280
2991557
3418696
3514919
2803810
3540608
3122627
2523773
2730518
2781994
1644343
2432296
3441002
2149661
3475637
3503214
3149557
2497963
3463706
2742087
3159448
3170864
3164466
2493163
1935414
2993373
1067664
3117592
3373150
3155837
3496199
3265204
3430496
1714308
3126166
1848176
3140111
3160796
2816466
3287147
3300207
3143833
3378095
3474096
3131543
1296661
3155213
3161067
1146121
3212059
3460855
3117009
3166017
1846686
3146372
3135715
3302944
2417975
2766935
3158976
2402786
1729683
2323591
3257934
3132535
1976719
3122693
3140024
1809019
1304995
2482168
2036688
3194095
3149746
3131884
3118727
2726082
3159944
2991559
2911438
2807913
2632319
528426
1379504
1670358
2722500
3139937
3151861
3256342
2758903
2861303
3351239
3241337
3125679
499194
3157116
1764004
2157873
3153483
2445624
3239961
3160975
1415019
3231998
2458704
3133619
1728508
2459538
3255580
2405309
2356777
2813062
2367352
228897
3144611
2499190
2421839
2398165
3128163
2460742
3129343
1691476
2895351
1183676
2480420
2467969
2805993
2803873
2785465
2988045
1725692
2752434
2480074
2895650
2805328
1660604
1712567
2751567
2804332
2899840
2299133
2418889
2752438
1489298
2408639
422700
2732907
2746083
2759047
2789665
2680791
2182745
2806714
2749319
2757218
1803741
2723407
2514372
2621483
2759645
2790523
2784405
2502792
2401677
2711687
2788691
2312206
2772897
2141526
2758489
2384245
2087420
2436628
2518419
2313412
2294149
2674820
2713249
2398173
2740033
2766852
2759872
2406916
1710756
1994540
2762257
1659144
2494846
2742277
2724611
2674849
2508198
2726601
2079886
558497
2505365
2478067
2761366
2730358
2398137
2430154
2668859
2754322
2700210
2745687
2759111
2502755
2720399
2755171
1791568
2456509
2750346
2448251
2279279
2023262
1975411
2403312
2431934
1732588
2503231
2505696
2745168
1093529
2491477
2512254
2023259
1888131
1809999
2034394
2723132
2731265
2431266
2344976
2739099
2443827
2736885
1821725
1232454
1955814
2221702
1706817
2488057
1840030
2417066
2105790
2201590
2376753
2187073
1847648
2498354
1837480
2719292
1794486
615745
1046479
2457683
2070733
2272507
2400973
1706266
2434575
2088840
2045607
2413549
491506
1692441
2303901
2261260
2081500
1810658
2238237
1711004
2486392
1986697
2722083
1926225
2351974
1767420
2424106
2461066
2305277
2480901
2275781
2406309
2514106
1487090
1013977
2636684
2680902
2485933
2411838
2066730
2416627
2074461
364
2391256
2404198
1775804
1236434
1105223
2510817
2519631
1785957
2264121
615396
1822636
2450936
1935632
1728791
1763096
2526599
1798722
1422858
1794512
1054987
644819
1191763
1781176
1379443
2355757
1800266
2434978
1977541
762931
2232204
1424315
2139563
1486970
2507521
2135502
2500220
2429242
780292
1741920
1869884
443884
2274898
2503351
1682831
2332467
1730461
534714
1441311
1922960
2493118
1672995
2466271
1143532
2418950
2406503
1209423
348417
2451520
2312744
1744749
2472203
2397030
1778411
1163362
2268119
2488856
2313572
2408897
2032564
1177579
2489359
2486053
2437114
1471800
1039480
1703591
2279280
2487787
2363669
2481096
591206
2469246
739556
1728460
755857
2368458
1718028
1849966
2452694
1786913
2434701
1059967
2264182
1196114
1937859
1038086
2116938
2148002
1730392
2087912
1728889
1358340
2329433
1695537
1862625
2317495
1741711
1801146
2307702
2391547
426022
1742581
2133194
1885802
1718247
1675090
2396668
1876926
2446413
1767279
2061057
2443640
1848630
1409644
2334585
2192192
535356
2305638
2406782
1725382
2383115
2465645
2382442
2423508
2432689
2043495
1603688
2095513
1686105
1816036
2422675
1816068
1782649
1889123
2338711
1707578
1786634
2129479
2395846
1726424
2090728
2112361
1774315
290139
1050721
1743686
2370957
1608418
1706532
1717593
745359
1765568
2446188
2030632
2428639
2201667
2377912
1800741
1671339
796800
2404244
2436234
1981999
293375
1839426
2432443
2204225
1767257
1704773
2071027
2437171
2399272
2043459
2124723
1975271
2281213
1210436
1791157
1818963
1850249
1726160
2385607
1789369
2434067
1793225
1060081
2299347
2413085
535780
2111766
2092437
2233971
2164169
1701296
1487101
2035660
1243574
1036320
1275258
1706300
2408724
2133863
730699
2383144
1850834
2060626
2359715
1984150
1769501
2229570
2108767
1787565
1794462
1839209
2393462
2272541
1393418
1821493
2085673
364652
2211136
1443886
1847717
1932645
1672277
1432214
1483802
2291342
1730343
1725050
1835398
1311703
1865131
2114091
2165080
2257000
1129593
1801860
2080108
1050349
1728083
1478127
776435
1035282
1791389
1689126
1729331
2092612
1276487
2374586
2184488
1053727
1041615
1690615
2351048
2317561
1391471
1492323
1051070
2150025
1696027
1682257
2357219
791587
1420182
2114622
1732537
2013388
1860552
949021
2190917
638635
1418245
2267412
2091207
1433112
1791308
568114
2140413
1715795
2227822
1616716
2070723
1799316
1869851
1772580
1680742
619325
1764140
2101332
2138892
207908
668679
2087927
2239
2044029
13118
731311
1696214
1784791
1055978
2104083
1496363
2042024
2028322
622357
1743931
1284893
1988042
2116623
1679926
1058448
1781709
2133069
1786082
2038921
1672276
1786942
808414
1223645
831942
1766905
1979200
1020066
1810102
1818792
520464
1252659
1838838
1850863
1390422
1691987
1741892
1732731
666331
2087826
1773312
2005030
2005029
429235
2024329
1473229
1273144
1870431
2026363
1700906
1470618
619120
677852
1675226
1888744
1792249
1118148
1877483
516244
533398
1909506
1022383
1726305
1118160
1867192
1862901
1033974
1743217
22610
774281
1711114
1685747
1692127
99419
1501723
1432697
1711597
1705577
431858
1683835
1326003
1686673
1693925
1421020
1664414
1711210
662503
1685074
596383
1689319
1720338
1491197
1684965
1692994
1693622
1406953
1096330
1400426
1441274
1395180
1412285
1484164
1705292
1425591
1683379
1016667
1471260
1474677
1353457
1703661
1686753
1687074
1706523
1701177
1686403
211318
1055789
1486779
1685637
1488986
1686560
1689585
534916
1631233
1672590
1221326
1701484
1176865
1493947
1681173
1696634
1678588
1441817
1685567
272808
1693917
1680651
1658946
1216780
1694619
1685015
1694561
1022978
1685205
1410523
1676821
393632
1030111
1075178
1676087
1063461
1432561
1689448
1042228
1674069
1470271
1662906
1429994
1660419
1672301
260338
1461334
1691328
1474516
1658010
1674579
1444544
1685088
1671038
1164153
1052996
1660770
1687963
1440269
1685825
1492473
1021824
1476321
1280106
1631182
1444214
1437943
1278375
735733
1470815
1418349
528832
1675357
1675299
1405228
1110844
1469276
1406985
621500
1608476
1619448
1077423
1659568
1013815
1387486
1417333
1093781
1491008
1681800
654997
1353709
1304093
1053038
1657997
1679259
1441701
799906
1456652
1163279
1491878
1197220
1423414
1676866
1034321
1118158
1368424
1368792
1004147
859545
1380634
498668
655486
1163361
1206110
964929
1067669
1253598
1113021
1433959
1037366
656470
1398737
1456489
1015622
1417845
257333
1611952
1163493
1491583
1054049
1304547
1237210
1110387
1475624
652882
1465807
1039454
1063891
1455531
1478505
1039198
1659198
1408086
762628
1018555
1479370
1323070
1583355
1115667
1048197
1407678
961216
1141105
1233275
1449048
1421218
1493418
1288156
1318122
1429772
1455445
1442297
776277
1479338
1457257
1043120
1448129
1326240
1361840
1415137
1448829
1046670
1029854
1488236
1339148
1477071
1400248
1279814
1045572
1064196
1444529
1476575
1381501
241367
1203643
1253481
1159641
1556038
1443492
1608484
1325422
1050054
1409777
1087720
1486757
1017736
1046115
1487692
1418882
1407476
1487897
1114991
1147103
1296711
1052324
1493228
1480031
1275383
1022435
1328979
1069915
741420
1199303
1060755
1007543
1451001
1186350
1054779
1313178
1333034
1446049
1443275
1470275
1475627
1447537
1047368
1426625
556697
1052625
762772
1173708
1448573
1032297
580706
761919
1273736
1455104
1039161
1312606
1008663
1488405
1468565
624571
436371
1406462
1057274
522906
532438
1287467
236993
1417694
434969
1394782
668861
633427
1290068
1382327
1432224
1470626
580858
1449500
1029837
1259976
1226679
1466195
1441582
1430915
1470202
760791
1477840
731675
1423352
442671
1031278
1317939
1163337
1064687
1445568
1417489
1478766
1416519
1477496
1321602
1276144
423479
1274582
1390924
1400085
1051239
1417844
1015411
1032771
1013508
533624
1450853
1055200
1324392
334178
1456664
1225077
1406277
961243
1388307
524006
1044561
1076199
479596
1450138
1397530
1054596
1442685
1031466
360041
1418016
1403334
1114457
1447732
1456685
1320270
1468230
417465
1071156
1015524
1054379
1065255
1453291
593437
1463241
1423002
1163332
419678
1405147
1400521
1436150
1464955
956131
1299658
1266706
479569
1041829
1391039
1332206
350702
1403170
1403180
1403228
1450606
1020905
1389264
1438223
1064429
1437169
1244098
1319398
1361910
1279940
1462374
1444090
777532
506830
1184981
597553
265548
737310
1048665
1100692
1063675
1286034
412167
1189395
1409185
1327187
1031585
1039187
1379206
1029946
1398081
1283863
1420447
1040656
1415885
1061274
1426759
1411529
1103511
1385004
1393023
1327518
524821
1163352
741905
1128858
1031974
1307290
1163957
1049307
1163393
1040846
1311556
1173067
1408039
1388882
1306687
1426245
1410852
529725
1163363
1373423
1038276
1388632
441453
1076076
1109054
1163387
1361599
1210378
1398446
1116135
965171
1279962
1047476
756706
1418361
1409808
1387516
1087824
1146254
1058610
1446051
1394649
1089453
165444
1053583
922760
1399955
1432393
1186248
809281
1224630
1036203
760473
1127840
1103847
1440863
1441275
1146962
1379657
1049197
732642
795878
1034271
1398900
1405768
1305353
734000
438801
797069
1029365
1277222
661032
1083923
1262685
438801
797069
1029365
1277222
661032
1083923
1262685
438801
797069
1029365
1277222
661032
1083923
1262685
438801
797069
1029365
1277222
661032
1083923
1262685
438801
797069
1029365
1277222
661032
1083923
1262685
438801
797069
1029365
1277222
661032
1083923
1262685
438801
797069
1029365
1277222
661032
1083923
1262685
438801
797069
1029365
1277222
661032
1083923
1262685
438801
797069
1029365
1277222
661032
1083923
1262685
438801
797069
1029365
1277222
661032
1083923
1262685
438801
797069
1029365
1277222
661032
1083923
1262685
438801
797069
1029365
1277222
661032
1083923
1262685
438801
797069
1029365
1277222
661032
1083923
1262685
438801
797069
1029365
1277222
661032
1083923
1262685
438801
797069
1029365
1277222
661032
1083923
1262685
438801
797069
1029365
1277222
661032
1083923
1262685
438801
797069
1029365
1277222
661032
1083923
1262685
438801
797069
1029365
1277222
661032
1083923
1262685
438801
797069
1029365
1277222
661032
1083923
1262685
438801
797069
1029365
1277222
661032
1083923
1262685
438801
797069
1029365
1277222
661032
1083923
1262685
438801
797069
1029365
1277222
661032
1083923
1262685
438801
797069
1029365
1277222
661032
1083923
1262685
438801
797069
1029365
1277222
661032
1083923
1262685
438801
797069
1029365
1277222
661032
1083923
1262685
438801
797069
1029365
1277222
661032
1083923
1262685
438801
797069
1029365
1277222
661032
1083923
1262685
438801
797069
1029365
1277222
661032
1083923
1262685
438801
797069
1029365
1277222
661032
1083923
1262685
438801
797069
1029365
1277222
661032
1083923
1262685
438801
797069
1029365
1277222
661032
1083923
1262685
438801
797069
1029365
1277222
661032
1083923
1262685
438801
797069
1029365
1277222
661032
1083923
1262685
438801
797069
1029365
1277222
661032
1083923
1262685
438801
797069
1029365
1277222
661032
1083923
1262685
438801
797069
1029365
1277222
661032
1083923
1262685
438801
797069
1029365
1277222
661032
1083923
1262685
438801
797069
1029365
1277222
661032
1083923
1262685
438801
797069
1029365
1277222
661032
1083923
1262685
438801
797069
1029365
1277222
661032
1083923
1262685
438801
797069
1029365
1277222
661032
1083923
1262685
438801
797069
1029365
1277222
661032
1083923
1262685
438801
797069
1029365
1277222
661032
1083923
1262685
438801
797069
1029365
1277222
661032
1083923
1262685
438801
797069
1029365
1277222
661032
1083923
1262685
438801
797069
1029365
1277222
661032
1083923
1262685
438801
797069
1029365
1277222
661032
1083923
1262685
438801
797069
1029365
1277222
661032
1083923
1262685
438801
797069
1029365
1277222
661032
1083923
1262685
438801
797069
1029365
1277222
661032
1083923
1262685
438801
797069
1029365
1277222
661032
1083923
1262685
438801
797069
1029365
1277222
661032
1083923
1262685
438801
797069
1029365
1277222
661032
1083923
1262685
438801
797069
1029365
1277222
661032
1083923
1262685
438801
797069
1029365
1277222
661032
1083923
1262685
438801
797069
1029365
1277222
661032
1083923
1262685
438801
797069
1029365
1277222
661032
1083923
1262685
438801
797069
1029365
1277222
661032
1083923
1262685
438801
797069
1029365
1277222
661032
1083923
1262685
438801
797069
1029365
1277222
661032
1083923
1262685
438801
797069
1029365
1277222
661032
1083923
1262685
438801
797069
1029365
1277222
661032
1083923
1262685
438801
797069
1029365
1277222
661032
1083923
1262685
438801
797069
1029365
1277222
661032
1083923
1262685
438801
797069
1029365
1277222
661032
1083923
1262685
438801
797069
1029365
1277222
661032
1083923
1262685
438801
797069
1029365
1277222
661032
1083923
1262685
438801
797069
1029365
1277222
661032
1083923
1262685
438801
797069
1029365
1277222
661032
1083923
1262685
438801
797069
1029365
1277222
661032
1083923
1262685
438801
797069
1029365
1277222
661032
1083923
1262685
438801
797069
1029365
1277222
661032
1083923
1262685
438801
797069
1029365
1277222
661032
1083923
1262685
438801
797069
1029365
1277222
661032
1083923
1262685
438801
797069
1029365
1277222
661032
1083923
1262685
438801
797069
1029365
1277222
661032
1083923
1262685
438801
797069
1029365
1277222
661032
1083923
1262685
438801
797069
1029365
1277222
661032
1083923
1262685
438801
797069
1029365
1277222
661032
1083923
1262685
438801
797069
1029365
1277222
661032
1083923
1262685
438801
797069
1029365
1277222
661032
1083923
1262685
438801
797069
1029365
1277222
661032
1083923
1262685
438801
797069
1029365
1277222
661032
1083923
1262685
438801
797069
1029365
1277222
661032
1083923
1262685
438801
797069
1029365
1277222
661032
1083923
1262685
438801
797069
1029365
1277222
661032
1083923
1262685
438801
797069
1029365
1277222
661032
1083923
1262685
438801
797069
1029365
1277222
661032
1083923
1262685
438801
797069
1029365
1277222
661032
1083923
1262685
438801
797069
1029365
1277222
661032
1083923
1262685
438801
797069
1029365
1277222
661032
1083923
1262685
438801
797069
1029365
1277222
661032
1083923
1262685
438801
797069
1029365
1277222
661032
1083923
1262685
438801
797069
1029365
1277222
661032
1083923
1262685
438801
797069
1029365
1277222
661032
1083923
1262685
438801
797069
1029365
1277222
661032
1083923
1262685
438801
797069
1029365
1277222
661032
1083923
1262685
438801
797069
1029365
1277222
661032
1083923
1262685
438801
797069
1029365
1277222
661032
1083923
1262685
438801
797069
1029365
1277222
661032
1083923
1262685
438801
797069
1029365
1277222
661032
1083923
1262685
438801
797069
1029365
1277222
661032
1083923
1262685
438801
797069
1029365
1277222
661032
1083923
1262685
438801
797069
1029365
1277222
661032
1083923
1262685
438801
797069
1029365
1277222
661032
1083923
1262685
438801
797069
1029365
1277222
661032
1083923
1262685
438801
797069
1029365
1277222
661032
1083923
1262685
438801
797069
1029365
1277222
661032
1083923
1262685
438801
797069
1029365
1277222
661032
1083923
1262685
438801
797069
1029365
1277222
661032
1083923
1262685
438801
797069
1029365
1277222
661032
1083923
1262685
438801
797069
1029365
1277222
661032
1083923
1262685
438801
797069
1029365
1277222
661032
1083923
1262685
438801
797069
1029365
1277222
661032
1083923
1262685
