
259203
1834645
1002201
2043338
2039143
1128364
2022635
1395555
1075724
1434339
1408605
1728281
925512
678745
499818
1732324
1029182
742061
1224833
732725
1294286
1187743
1375694
1672820
1051424
1744
2080076
619666
1741748
1684797
1684800
2069468
1684809
2069740
2069727
1692821
1692819
1061118
1276865
1451958
1312235
664484
1063582
1763027
2085881
962795
1482009
1251283
1728929
1772512
926640
1429818
1441311
365612
729558
261221
1487172
1864448
1482030
1415469
1989933
205707
1070477
1439151
1808994
1470261
9859
2044338
2081483
1728271
2090991
251220
1787469
1687199
163026
1714927
1849031
1978582
1766807
1469606
1768142
1053242
205858
1059176
1059168
561625
1791468
1981568
1116358
1045202
1234999
1071885
1622347
1811691
1130645
1069875
1788613
1815227
1742082
2041278
1471211
2088220
1685930
1366852
1039426
1480565
1672621
663827
1224394
2022639
1891840
1673911
1266665
1381000
1867743
640621
1028243
1832584
208586
1024565
2105027
1398813
1845000
285831
1066581
1474568
1022448
3158099
70073546
3348497
3543901
3493147
1049071
1482112
811914
1094969
958013
1126219
1417856
1079941
1328272
1056421
1683461
2001918
2002147
1320830
2042127
2097679
1199465
1450624
491381
1853295
1812523
493072
1055789
1038658
1076010
1728775
378473
155928
684790
248002
1988185
1681788
1742837
1208616
655696
1373168
1722502
2104312
436243
1687036
1450609
1313392
1715339
1863470
766611
430577
1446073
393373
526594
1687929
1801515
1490669
2000461
542909
1114991
2085062
1045885
2049417
1684961
1481895
432351
1425005
2048746
963720
2000555
1867624
636305
2039941
1281852
1379688
1837978
1937381
1773564
643247
1907468
1742052
1728101
1063881
1056695
619285
1717781
278147
1888830
521600
1980594
782729
1841551
1729344
170983
1659215
1127840
2108907
475558
2002718
226005
1766105
1795761
1707683
1304595
1722709
1977208
1801578
1786572
531986
211329
2034321
1798995
1863660
693106
1742264
1812022
1732896
2087831
1447848
1465130
1487756
1810955
2063561
1867572
1296661
1063808
1719593
1188019
1769693
1029898
1040342
2090714
649678
1451265
1722253
1308744
1732879
1809656
2069303
1661077
1976717
387625
1848273
364741
1720016
1900432
2085723
1239396
1793460
532911
1778400
1929902
1767024
1458383
529650
1271285
288249
1459890
1981164
1685836
1382599
1903438
1977117
1478886
1787254
1280746
1436075
1981761
521209
774104
539073
1359654
1047494
1804119
1240232
356016
1445242
1067664
1216861
1270352
1794599
1768423
1716472
1966037
768089
448616
1021492
2062512
2038730
1787026
1376733
1022727
1815026
1471450
1982341
1803974
2031096
741454
2073661
2072186
1732944
1780967
1718712
2110722
1803572
1672542
1194479
1206018
2116171
1379348
1308804
790566
1723480
1934898
1393579
1704334
1366787
1935414
1806143
1685222
624518
615357
1742119
1467183
1860968
1991576
1913773
1900693
1875311
1730578
1711002
364484
1037051
734085
1846828
1950844
2043299
1446350
228897
1770414
264831
1403243
1821618
599415
227719
1364434
1697234
1474677
2001178
1763730
1784927
680449
1828173
1178865
1868417
1848833
795000
2026234
2024244
770144
367840
1206540
794981
1254111
1330032
2049301
2007376
1846680
1068865
1276148
1291009
1864808
2113827
1424689
1981731
1860592
1727082
291208
1805876
1022914
625498
1867105
1733064
1455436
1322516
1438584
2048957
1767168
1719841
1910210
1070456
1769021
1063160
488438
1378331
1445568
1730568
1720248
1793840
652807
1691476
860209
2022484
1450803
1425574
507730
1391334
1065552
1840741
1683580
1053077
1678226
499194
1687249
1486816
393300
1700242
1704622
1397747
1691996
732756
394923
1455336
1850834
1697100
740781
1704373
1430817
1086446
1046469
683212
1699073
1697581
1802282
1262552
8154
2114835
1833989
192728
1425591
1663982
1781598
1382317
767341
1272152
2063233
1679276
1685083
1858874
1710756
1780706
1086249
2000412
361905
1764004
1011922
1994540
1938044
1659144
1703694
1681661
1841745
1432074
738225
1379504
1469527
1093781
1419550
1685837
1434051
1663987
1732424
1092475
1658889
1938105
1690460
766170
1657850
1696198
1292683
494394
261973
2045658
1699131
2034461
1682742
2042850
1438449
1875162
714581
1979309
1050156
1679399
2024655
521441
152570
1780463
1436070
1113780
1408322
2076724
1407432
1476961
1731130
1387292
1481874
1314652
1862370
962373
1953431
1254511
1658012
1272114
1888922
1682037
1805931
1882355
780732
1680335
1835530
1812722
1037380
1834405
1728932
2116724
1731831
1253860
1232454
1028732
1856796
1439341
1487706
1769088
1041820
1429644
2022120
1934744
1196114
1923303
1709193
1822030
1283096
1792317
1227473
1423567
962341
1696649
2099449
1994538
1285640
2109143
2109140
621603
1828361
1042796
1719700
1461485
2088126
1972335
1816104
1792937
1792922
1065880
1810773
1689975
1849334
1898140
1975608
1970064
2088244
774006
1743753
1911220
1770191
1828479
1711004
1764353
1789369
1981107
1438453
1096420
1810540
1742803
2071027
1763850
446897
1720983
1982716
2049527
2041194
1013977
1443043
2014989
1744754
1718997
1835505
1826005
1434996
1389328
1218672
2085918
1319377
1463605
1870178
1804359
1329781
2087826
1728416
2057547
958406
1951065
1769387
1766117
1766331
1975751
2041849
1780623
1955814
1767061
1038639
615472
1983328
1718354
1714417
1768134
1979953
1329520
1711039
1764201
1851070
1429770
2087345
2085787
1820365
2049526
1950853
2026131
1862879
1955137
1421762
1704396
2033769
812279
1717867
1848605
1744355
1714747
2063818
1711041
1799940
1800740
1785957
1461499
1766066
1780670
1698734
1814252
1417745
1491302
1413248
1365693
1431660
2090528
1792851
1426649
259082
1780734
2093414
1328327
2025719
1728828
765185
1994524
1834399
1041809
1289391
1407067
766351
2090750
1491619
2021392
362633
1116119
1030818
2105791
498189
1683671
1080647
1663061
557590
1799386
1808841
2079451
1449039
1726967
1868106
1870043
1693879
1469635
1489937
1660577
1913478
1802246
2117418
1778688
2101111
376665
1870685
1729254
2081039
2081041
1869198
1805809
1984041
1782557
1977574
1720648
352544
797608
2092778
1292760
1743235
552149
1804770
2106617
2066725
200872
1493139
658464
1691357
2064320
1808655
1452261
1464503
446745
1693267
363676
1767126
1966950
1763117
1491913
2089911
734201
1260059
1683746
1792315
1803498
1041198
1710244
1869644
2055382
1113728
1460325
1112793
1870647
1042768
1697823
532044
1060903
1728300
1252609
1707690
1987675
2061057
1728084
1392507
1766777
1783826
1016756
1989763
913179
1896534
775762
2049249
2088047
1718771
1848806
1491645
1960403
353692
2090516
1274479
1726603
1790399
1798085
152189
650687
1685053
1459829
2104692
1791959
1138003
1028717
1827448
1784424
1874799
1856519
2037077
1295329
1672887
1438877
2077285
1496367
1680754
1871111
1414231
1273144
1312502
1889135
2101497
1068356
2056673
1887081
1976880
1235456
1990121
1459958
1903834
1474629
1272371
1453431
1185500
1048265
1701045
1834501
1052392
1804022
1724683
1728837
457383
294127
2104317
1841055
1038086
1763713
2045327
1974974
1767949
1206059
1997650
1841559
379911
1841583
1764311
1439056
1889131
2097640
2080003
558497
1789479
1794101
1689117
1441450
1185840
1010232
1726537
1763109
1729257
1862625
1695537
1714115
2060139
1875851
650618
1800828
1482026
1455634
2138376
2371114
2395846
423926
1980428
1679860
1438412
1743640
1764284
1977975
1694087
1408704
1353111
558796
1267501
1710077
2032564
422700
1692241
2239
1955824
2006920
1714780
1696281
1729978
1110696
1677463
2066730
1674596
1672975
1962789
1291030
1468258
1343945
1970880
1385784
1743107
1704900
1254925
1876481
2112361
1793278
1743658
1392565
1787620
1864928
2087834
139390
2109131
1728913
1824360
2099042
1769667
1386181
1438885
1808356
1723341
813917
1728409
1038858
1041378
2020973
1723470
1423575
1271208
775688
1856663
1466153
1794189
1923399
1470439
2065103
2045746
1967717
1398666
2095042
1683349
1773312
1801564
2113026
1393204
1870557
1299517
1290821
2063520
1430297
2116248
1973601
1373078
1448355
2039630
1388317
2107782
1092291
780872
1718673
1723705
1889122
2071091
1034260
146327
1489002
1477924
1087024
1680905
1695069
1710837
1480750
1732903
1718497
1707236
1717905
1965902
1933913
1031097
2013530
2098520
2113976
1682574
1446025
2086049
2090484
1066660
1798907
1405059
2082927
1382651
1690245
1792204
1288678
1706300
2109162
2036495
1092268
2117140
1769457
1676208
1045960
2118909
1495567
1932778
1203042
1675090
1889160
1814173
1143532
1889123
1863646
376889
1973327
419830
653242
1013153
1406824
814316
1974775
1875278
1744265
1201648
1807600
1989048
1281419
1186211
1387052
217755
1775324
1766129
1681995
1443560
2090132
2098974
1008109
1104010
2069645
1763898
541038
1801748
1978403
1310622
1864705
1457184
2041035
1934986
1417294
1952099
1725516
1811958
1834929
1765239
1763092
2044085
1983453
1235902
2094911
1033091
2071031
2064068
1712269
1253564
1879770
1316600
1442374
2064512
1849935
1664790
1795317
1964063
652492
1828554
1772909
2022019
2085523
1728130
1702087
1304611
1465054
1870356
1935907
2071465
1044973
1769501
2048975
1102221
1678730
1984270
1319745
1707495
2040398
1744560
1937933
1225492
1702591
1432298
2022566
1382628
1966110
558020
1680515
1728933
1056064
2034317
2119638
1848520
1951286
2059073
2057477
663194
2074657
1841263
1741890
1724351
1709631
2085838
1989431
1728124
1958152
1795272
1973369
2117203
1726696
1439387
1725145
310954
218115
1673744
1674798
1330545
1731891
1876007
255419
1707842
1071184
1060081
2045853
1859525
740716
1712916
1792264
2043183
2036741
1222670
2104962
1416866
1204821
521050
1811846
1863689
1686706
791587
455798
2021614
2118398
1913854
1744271
2114560
1481373
1662692
1781311
1955806
1932645
1007139
1887476
2007618
1795124
1744457
1831113
1744439
1696027
1803811
1771874
1849216
2069711
1962489
1485030
1868827
1800483
1448284
1407402
1485731
1865233
1715434
1699308
848383
1516375
1263034
779606
1865131
1200976
2041722
260260
1741776
1820737
1798799
1717562
1706105
1391471
1890038
1689949
1431160
1097433
776435
1476131
2087625
2107580
1704308
1791526
1725393
1407032
1830804
1438134
1467221
1680594
2069510
1479724
1259901
1053727
1962465
2044243
2097188
1887038
1819684
1465211
1923179
2101191
1989482
1789517
2027895
1448156
1441270
1680876
1889933
1888736
1775167
1887075
2074346
1143355
1785189
1796407
1954483
1801167
1722312
1953864
2106138
1975271
1916213
1326190
262098
1829873
2105135
2062654
1253659
1700283
1972451
1728154
1800179
2014987
2042203
2088751
1742747
796704
1062870
1323223
1719680
1400537
1714833
2041852
1675894
1425432
1800016
1015279
2004365
1697809
1720045
2103607
1649016
2116683
1790698
1418889
1713796
1429825
2019946
2012187
236699
1860347
1859940
1979204
2104992
2064252
2043868
1772513
1870688
1886816
1469743
2032203
1716980
2042021
400109
1877488
1295293
1794104
1448613
1808224
1005203
1443196
1837654
1820931
1727169
1054073
1701633
1682728
741798
2021431
2043263
1935660
2043693
1067461
534712
2092437
2020933
1483047
1042487
1006404
1955818
1682899
1292118
2109381
1034059
1690219
1719474
1780701
1717873
1952914
1697254
2045860
1935846
1271252
1817356
2059033
1704361
1878800
1664845
1712601
1400085
2033501
1724832
1723402
1730887
1990097
1981448
1727849
1794786
1718367
1966942
645057
1727326
2069768
2063701
2094930
1319280
1783733
1860498
1925886
1804033
1950869
2045813
1471056
1799072
2044170
2019392
1859181
1421796
1679266
1116516
1976784
1764306
2088055
1732773
1217203
1065908
199070
1864876
2109371
1801872
1789628
1690832
1857172
1723166
2100500
1216753
1794473
1227362
1285982
1210155
1973263
1476321
1835309
1725255
1210436
1128160
1457417
761026
662103
1718028
2085888
1376903
1225698
1608120
563875
2104272
1730807
1789323
775862
1742973
1980017
2046754
1834496
1208208
2105080
1718095
532073
1741775
1723010
1058787
1830357
773507
1704909
1953020
1093545
2081036
1702119
2089864
769897
1991057
1752003
1314694
1871765
2034049
1764098
2055374
2041802
1879406
2108363
1043463
1073014
1731871
1430412
1422342
1786280
1786128
1783806
1725637
2049310
1042814
2002902
1408682
1725131
363295
2031867
1733023
1934541
1307113
1422119
1431670
1725346
1130818
1730356
2002874
1817994
1115596
1969589
1927637
1865389
1862899
2054217
1844475
1861387
1977163
2034261
1952805
1977948
526302
2077284
1801387
1443886
1401664
1864088
1721550
1686247
1923630
1490533
1116234
1766098
1904797
1681248
1864118
2097741
1779569
2076076
1264333
620730
745522
1736721
2071788
1979225
1832729
2090310
2085607
1743258
1826155
731470
1670529
1821086
1981523
1439100
1028950
1962259
1852600
330944
1724572
1804030
1779861
1490904
1053583
2031205
1763701
1722934
767154
1718189
1677405
2074896
1809012
626317
1724826
1778411
1983657
1933323
1375423
1772847
1743661
1776318
1722435
2099261
1324695
1725351
1262655
1720680
1764028
2080488
1937859
1450550
1388632
496174
1414228
2048473
1023070
1980779
1755143
1044635
1889895
1743641
1915210
1806150
1067460
2090919
1674757
1780289
1307467
949021
13118
1682209
736270
1998969
1770386
1860094
1403135
1403159
1676999
1682599
1922960
1790444
1714365
1730038
1189780
1990985
1391714
1990093
1455385
1905623
2022660
2090560
1683571
1636893
1728179
1875734
1763321
2118444
1470506
2019397
1434802
185224
350520
1793581
1875014
2046711
2112369
1681601
1045229
1778198
1805488
2089897
2107434
1463785
1722676
2088941
1980686
1380096
1799868
2032448
1395021
1816856
1784968
1779877
2087832
1798703
1858700
1980853
262669
2116361
1938078
1798276
24414
1782173
1999308
1453930
1691088
2089185
1771656
1814293
1302925
1774197
1804458
1808666
2041877
1791882
1664997
1682817
1962749
2030057
2088275
1790126
1839760
2109953
1421964
1731473
1938095
777473
1481687
1256084
1926015
1726424
2118751
1814619
1781431
1973667
1406339
1714335
1767302
1779517
1729195
1935632
2109192
1609237
1657849
2112371
1808684
1889226
1742334
1696374
2021071
1417867
759113
2048553
2088317
1403152
1664837
2119496
1864278
1404888
1864242
1779675
1038216
2055601
1727571
1832237
1869550
1443888
1462953
1963935
1325828
1692131
961243
1710785
1792015
1828908
2045272
2046176
2118877
1729048
1018081
1717881
1955092
1989416
1937033
1723060
1216827
2118771
1902252
2118440
2089858
1048819
1815542
1935722
1489723
1436427
2053523
2088881
1763782
1850670
1400065
1799710
1713430
1478024
1860552
1743057
1775255
1868357
1787096
1837382
1719893
1672750
2108767
1710369
2114983
1044553
1864871
1767803
1183761
554983
2086215
1786423
1978560
1690303
1805652
1714075
1742956
2085913
1066705
2013126
2038987
1450300
1834498
1834542
2040712
1784836
1678860
1017522
1868496
2009774
1961883
2087460
762772
1722514
2026493
1403259
1414234
2071086
1448808
1672277
1636898
1722267
1199481
1718542
1861476
24752
1831651
1803975
1450171
1779887
1407761
1966056
1728841
1744278
1923284
1676747
1441558
1293802
2070698
1685653
2071169
2108972
1781135
1794565
2099779
1712618
2052799
1727718
2000024
1808230
1802365
673739
1769505
1426668
964536
1963395
1106765
1708954
1720435
1725455
757750
1764081
1820675
1322629
2064125
1096330
1820155
1732847
782051
1804109
1716739
1470147
1862671
1662212
2081500
1722415
1730016
1238447
1772695
1914247
1447622
1114835
1487342
1810225
1724419
2080543
2110010
1816330
1006632
2098652
1840354
1456527
2112387
2045975
1210573
1693529
1020793
1727371
1838375
1809019
1939213
2045262
1773708
965317
244791
1676139
1981923
1682652
1112445
1763443
1718900
1717187
2114554
2025031
1772203
1675755
1988042
2098278
1776414
2088640
1939809
1874839
2084278
777989
2101376
1496120
2082832
1403242
1821288
2100020
1884102
2070723
334723
1692170
691797
527139
1867304
1697099
1422510
2105206
1184762
2089611
1722270
1861897
1491728
1789274
962799
2099263
1792026
1884039
1927606
2027517
1104021
2022021
2095672
2068441
2085667
2085670
669340
2000145
2030632
1904497
1714308
1716641
1848202
1991047
1786633
2119208
1433112
419678
1989122
2047895
1701787
2087419
2088218
1320646
1330879
1024707
1732928
2101511
1870933
2093951
1862988
1286996
1236434
2026023
1711752
1875627
1990105
1535382
1721007
486078
2081322
1684654
1427333
2092811
2032070
1862583
1950327
1800182
1058448
1954458
1679382
1450819
1963082
1784965
1225588
1486764
1869847
1828942
1031278
1863277
2116305
1803525
1443041
1314384
594396
1146045
497353
1119396
1037826
1694083
1456008
1785121
1675562
1724973
2113780
621003
1864684
1711012
1707673
1980317
1969438
1868359
2074895
1896579
1718546
2115827
1763285
757361
1772580
1791101
1275503
1803962
1792946
1830820
1684811
1742024
2114801
1875865
522076
2076696
1982769
1449181
2114161
1962278
2101396
1808228
1890017
1934707
1794486
646967
1689464
1834415
1486122
2072488
2098506
1485007
2118939
1727159
1935925
1787621
1695203
1786612
1848630
2024256
2112903
1786743
2089231
1956757
1485021
2106838
1991451
1605351
1809707
1803979
2101332
2115243
1718342
2011107
1403370
1069316
556717
2085525
1729331
1998150
2006815
2092436
1070465
1800677
1431218
1692179
1692177
1245586
2085835
1116637
1815811
1880126
1018555
1723079
1468601
1815187
1814400
1886955
1712195
1973778
2106014
1768163
2082309
1315301
2101411
2113834
1377723
1871850
422191
1743700
757564
1422350
1729427
1809133
2090368
1045400
1715378
1769555
970886
1796576
1796505
2032544
1075706
2006367
2048371
2113039
2014796
1495461
2121010
2089854
1730372
2071024
1719701
1905790
1222936
1767448
725371
2041320
1729178
663498
1982816
1206684
1791037
1784954
1801158
758776
1744489
1994055
1846686
2043495
2074578
2063535
1043524
1849348
2000613
1768398
1787163
1488904
1792011
1714966
1687728
1744450
1689075
1905382
1742191
1298158
1890425
1784853
1448219
733216
1885571
1763113
1728663
1407476
2098870
1968946
1732916
2079503
1690367
1435303
1679913
2040082
1980423
1837232
1254746
2043192
2041213
1716429
535922
1725887
1962379
2028129
2069949
2113881
1795791
1862116
1680832
725818
1710368
1860546
2134761
2135938
1808707
1884659
1811931
1795121
1767297
1962590
1970673
757544
1386660
2071789
1725692
1477203
1795342
1490912
2092769
1728259
1922307
1222381
2046468
2113595
1763720
1451139
2025568
2108987
2103721
1784791
1840624
1245771
2103228
2089217
1377714
1932278
1291606
1472261
1038212
2024028
2036680
2044860
2003051
1763623
2058337
1791943
1727981
1114457
1718784
1726645
2037155
1864276
1864135
2118658
1889196
1889206
1766320
1743643
1726595
1741806
2084009
1830130
2107496
2041347
1670358
1658266
1988476
1981999
1887467
1767580
2046460
1980847
1799316
1791368
1787143
1426630
1697313
1808405
2099298
2056881
1805744
1998465
1867221
2071020
1720932
1862894
1864339
1705457
2044808
1011188
2112770
1976899
1931045
1840664
1869578
2044056
1865302
2118772
1763914
1981139
1808676
1962467
2097589
1024199
2045740
1721455
1724125
1682215
1808109
1954143
1805777
1795882
759237
2020700
1013789
2085975
1952787
2090722
1797136
1385336
1942967
1977604
1721569
1999182
1698288
2118831
1829267
1725554
1369480
2033663
1990623
1774315
2085868
1448610
1388774
1974306
1728508
2088360
1728460
1827505
1470437
2060974
1986697
1764259
1978374
1683286
1974241
1981425
1912542
1712650
2117455
1368424
2102688
1952550
1731979
1681813
1807602
1101319
1829143
1728114
1699449
1980695
1698042
2048249
2086081
1987746
1870646
2045610
1970856
2013367
1807603
1718026
1980877
1688781
1887965
1678278
1763199
2110837
2117069
1973125
2118530
1801248
1876193
1769919
1707366
1846660
1767140
1781137
1671185
1686326
1785576
2039020
2087957
1267044
1675176
1703270
2046258
1680742
1662611
1680607
1718894
1719844
1743194
1743198
1770038
1680641
1727448
1790407
2013948
1696222
1805670
1983690
1826836
2060626
1676525
2071022
1773387
1722281
1710805
2081132
1714671
1444310
2049577
1980667
1834328
1980663
1671352
1876063
1720192
1732786
1436030
2085972
1539177
1715438
1987970
2118051
2118053
1681963
1721559
2031169
1729230
1674726
1950403
1988134
1798029
1840030
1988237
1764135
2049355
1784511
1958786
2085987
2032220
1870461
1792679
2105790
1999934
1088864
1763451
2117464
1784822
1726627
1662050
2032598
1867106
1433899
1814290
2043206
2089802
2020010
2035548
2043205
1783724
1848129
1974253
1725529
1327570
2069710
2100773
2071949
2097644
2108948
1691216
2081996
1899182
1983492
1732565
1808975
1703661
1714737
1328698
1774602
1663971
1692651
1806136
1827016
1839426
1984418
2041838
1393469
1434321
1670800
2065747
2048277
1490420
2023241
2119146
1075440
1714658
1976138
1697263
1394882
1867192
2034375
1488902
1468042
1781001
2088716
2034493
1913531
1432238
1932315
1765008
1911943
2040051
1714648
1713764
2088299
1713763
1725518
1077415
1773632
2117010
2044977
1983262
1394711
1414733
2076348
2094063
1741711
1491133
1930737
1828869
1476230
1935537
1983665
1911379
2046034
1960867
1876079
1888495
1791295
2033829
2108863
1061635
1981800
1876074
1824803
1867574
1889860
1845950
1805550
1867651
1719659
1718099
1975558
1805849
1817918
2007525
1794329
1840190
1890167
1863760
2053558
1630799
1814197
1742985
1427621
1800633
1388416
1909488
1926225
1804176
1724567
1684993
1790853
1952737
1432714
1922759
1657853
1953699
1718382
585729
1713180
1690080
1889657
2108458
1379584
1479419
1899794
1954763
1870791
1327518
1495565
2090728
1855518
1841092
1980374
1864888
1716680
1284022
1973003
1837400
1724256
1456325
1868718
1763218
1422670
1977551
1664258
1682405
1810015
1054054
2045790
1815764
2118275
1780545
1742581
1804063
1720151
1479094
1803741
1719748
1839088
1875462
2044013
1980393
1840324
2115948
1681967
1831593
1830814
1974756
2044334
1973210
2114152
1954240
2060966
1811469
2110616
1818204
1487142
1977618
1911162
1933722
1977557
1718946
2076524
1675246
1865397
2113065
2003351
2041485
1971239
1697062
1863534
1722324
1979308
1680648
1682691
1818863
1789816
1800153
1061274
2049501
1236793
1718795
1862085
1816077
1968948
1971832
1910196
1399637
1982377
1704079
1968968
1722586
1860954
1981598
1801538
1717039
1791742
1773517
2024004
1718857
2116781
1979284
1808673
1706553
1706573
1979271
1479765
1493947
1864430
1865125
1845106
1863995
1781771
1865350
1916347
1787565
1044911
1990178
1788115
2000642
2044750
1766905
1980425
1867213
1423989
1480882
1689372
2043652
2043699
1837480
1961676
1956869
1440115
1979222
2043550
1388668
1979232
1847305
1980293
1857344
1742491
1865367
1835398
1440113
1849200
2066728
1480653
568517
2031957
1732501
1368849
1874924
1398066
1865301
1423871
1368838
2103054
1864414
1868960
1836116
1980016
1988351
1793174
1417234
1874840
1427096
2103620
1787010
2091454
2067964
1717400
1999964
1962941
1810658
2064950
1962629
1329765
1677682
2110463
2038921
1199531
1794121
2060461
2093493
1870208
1862078
1722638
1771611
1678208
1897121
1925525
1888533
1959301
1907820
2033759
1725627
1744341
1716108
1743821
2072336
1252950
2094561
1808732
1718247
1863046
2095347
1770442
1453392
1837368
1728380
1723406
1277336
2087145
1999084
1683806
2108443
1318514
1839210
1857345
1460501
2071340
1686079
1864903
2023316
2064131
1375402
2034287
1857901
1205453
1863082
1953960
1819673
2071718
1306734
1726531
1289454
1395675
1886725
1421342
1903967
1261567
1423814
1976012
1803871
1876066
1750763
1729522
1808442
1681364
1769633
1705684
1726572
1712756
2104826
1974213
1457795
1820567
1744783
1743814
2099200
2047505
2064908
1799039
1864281
1910088
1681329
1845130
1830515
2024271
1379443
1815534
1959080
1716875
2089207
1699975
1459632
1455648
205282
1704690
2103762
1816539
1983553
1990101
2055113
2104083
1731933
2113206
1729089
1981920
2119572
1462417
1723356
1831663
1692530
1804520
1752832
1728394
1694084
1457330
1869554
1399834
1727943
1914783
2045243
1724507
1731046
1726591
1636444
1841109
1723513
1715970
1742021
1902171
2082954
1956238
1565270
1707479
1481221
1384311
1478726
1876514
1836397
1625154
1906678
1956300
1815373
1773342
2054905
1659345
1146121
1403248
1465653
1723570
1211790
2026435
2039946
2114614
2044752
1791389
2118731
2048477
2085664
1715019
1457059
1679559
1981427
1767124
2074927
2114607
1854911
1664538
1771391
1407966
1791880
1675433
1855777
1975807
1683667
2048726
1225296
1718682
1936941
2064323
1794525
2080244
2038295
2072406
1694891
1684723
1254087
1435430
1441952
1800262
1442837
1786323
1489269
2023262
2116623
1719918
1972079
1679926
1698623
1937677
1727688
1685008
1725620
1374918
2104643
2021407
1742967
1952999
2017834
2013388
2116938
1850086
1742975
2089211
1935929
1446929
1674037
1838971
1729078
1976865
1743549
1729015
1690225
1429504
2090664
2007246
1989944
1955320
2103927
1657404
1935934
1848669
1800217
1715588
1416519
1785371
1792853
1723363
1809702
1818802
1396957
1388882
1865398
1864885
2034569
1547905
1791949
1955148
1766138
1825855
1744685
1679243
2068175
2098029
1990411
1660858
1722944
2059919
2002514
568114
1691524
1675357
1730343
1354903
1711114
1808483
2021118
2118277
1212129
1898820
1656036
1685015
2041359
1488092
1684652
1414612
2008657
2066677
1836252
1784985
1850591
2107085
1771609
1810267
2054588
1871918
2034245
1682879
2069264
1720364
1982460
1808986
2108035
1710446
1840232
2045333
2009393
2063598
1974219
2098777
2061561
2000988
1195172
1824495
1308899
1724415
1839316
1308908
1473555
1445546
1417495
1425388
1720325
1722932
1933982
1697481
1723572
2094530
2043036
2012134
1723660
2119344
1769199
2118376
2083750
1157661
1446745
2038549
1675447
2111186
1193252
1719847
2109130
1469595
1799471
1954063
1721463
1470233
1729811
1982096
2091294
2084441
2081621
1834849
1977150
1473229
2109369
1904225
1886888
1794703
2074047
1728134
1763711
1869848
1545884
1784140
1764272
1683388
1913869
1732755
1744712
2057462
1471372
1705292
2057698
1701589
1298642
1804573
2102891
1417383
1847786
1051239
1682783
1682773
1699265
2015101
1725382
1889725
1801323
1889989
1716076
1725107
1805558
1676428
2013509
2076987
1801264
1728924
1773481
1705229
2012003
1195682
1453815
1763569
1963659
195674
1300436
1432678
1407451
1017270
1719721
1767790
1710230
1808501
1729810
1329038
2045591
1780599
1980327
1380727
1803495
1444494
1935702
1838838
1820209
2015912
2085599
1704386
2104359
1743338
2002692
1725854
1728254
1407426
2102700
1456745
2054911
1838181
1962636
2045607
1719622
2100678
1722487
1961246
1835507
1714652
1973640
1882716
1742884
1679003
1821832
2108871
1773914
2118429
2064742
1659568
1481423
1782413
2104647
1608851
1988077
2100591
2101187
2116615
1161131
1670981
1678836
1242156
2000535
2085674
1252381
1797998
1432256
1726598
1764359
1429757
2091318
2119105
1710845
1971271
1927473
1742525
1743856
1302217
1479558
1224539
1887149
1800741
1958605
1990051
1490652
2119411
2050545
2050547
1982223
1660828
2090569
1870243
1698848
1690365
2000485
1973776
1962375
1879767
1743828
1723687
1438209
1995941
1784907
1792197
1791702
1679635
2090627
1682549
2064235
1791496
1696315
1722759
1403261
1814180
2083754
2083751
1403254
1325866
1940384
1722245
2100864
1877395
1727451
1661796
2019983
2019941
2019963
2022719
2044160
1677027
1111683
1684633
1744679
1057033
2087167
1770850
1730112
2113414
1694618
2107909
1870358
2060632
1718043
2091064
1727344
1475626
1432296
2103542
1475625
1772393
1678095
1995487
1995338
2026443
1995508
2031699
2054978
1475908
1786009
2061381
2092612
2000469
2043487
2042119
1661705
1324364
1377245
2034345
558771
1657847
2022045
1437880
1743930
1860530
1988773
1059282
1766931
1763118
419589
1966290
1726565
1935758
1845594
1092406
1727327
2007841
1382311
1876190
1974158
1763275
1826673
2001505
1998925
1439170
1187253
1678558
1663920
1951124
1705895
1311556
1875043
1938030
1775614
1867169
1397528
1837757
1982504
1803568
1764486
1878719
1772167
1217566
1465569
1382575
1990573
1058412
1975878
1840972
1798653
1433490
1763529
1954243
1712097
1729062
1389460
1809377
1792949
1832088
1253869
1767830
1860004
1705317
1699154
1331152
1328432
1877543
1800826
1977328
1869009
1980698
1827948
1292202
1410725
1196937
1835721
1808249
1741892
1269498
1992310
1293549
1717969
1781179
1052542
1717930
1741909
1860759
1470069
1956536
1704239
1712233
1399880
1876821
1990840
1869851
1878250
1712664
1808403
1393378
1306050
1259395
1438623
1812211
1782649
1324216
1982496
1433115
1957869
1786334
1692855
1437155
1437522
1448609
1712276
1291022
1389684
1726813
1801421
1447175
1722455
1691987
1720726
2045339
1289220
1870724
1446003
1674459
1865123
1263940
1249528
1709692
1048416
1978467
1935778
778816
1977364
1492697
1725150
1714108
1378254
1415777
1724778
1955431
1847636
1712964
1726932
1980701
1465634
1045373
1719951
1703140
1722582
1413923
1069213
1399487
1951125
1718089
1714282
1939685
1173477
1249212
1415289
1716945
1688635
1329683
1972075
1226148
1718025
1319046
1266311
1725993
1443220
1381084
1685825
1378446
1717818
1871938
1715872
1721448
1450168
1718931
1684615
1207900
1785461
1409830
1836281
1598014
1436690
1113226
1682831
1865598
1042544
1850162
1955157
1962771
1216654
1834865
1290217
1431291
1786082
1875623
1742843
1659224
1732731
1810102
1721445
1888802
1725964
1915086
1937700
1170628
301378
1277075
1721552
1793553
1727530
1268098
1840528
1185607
1706680
1477317
1794791
1238252
1868230
1794721
1830843
1699557
1470730
1691953
1988033
1966888
1769574
1189677
1487980
1769212
1847119
1682639
1725124
1962879
1791113
1727363
1248983
1728468
1850863
1878756
1090231
1839322
1717732
1487681
1723415
1724924
1792860
1286054
1876574
1717264
1190756
1801410
1053188
1453270
1883984
1714270
1718876
1726163
1861720
1066144
1820813
1699560
1839595
1391434
1817982
1686563
1445112
1887471
1406350
1867208
1228013
1720600
1690577
1786149
1808977
1331359
1795758
1794106
1337149
1874927
1820967
1809114
1682885
1324205
1909459
1112939
1341540
1728559
1816647
1932779
1742979
1093690
1115060
1829712
1219652
1293398
1862901
1828232
1717899
1341935
1808897
1254876
1476208
1705879
1838801
1720127
1439590
1763535
1328165
1160975
1863860
1763921
1448819
1870852
1785350
1850569
1812826
1857308
1678030
1841138
1250974
1726253
1886374
1870519
1071546
1686303
1486521
1463709
1548715
1121416
1870071
1699750
1216809
1771638
1727822
1634449
1886570
1188760
1772937
1793750
1742295
1432561
1695066
1083004
1094726
1773623
1358340
1732595
1811305
1796622
1874903
1829361
1683835
1865061
1870295
1448411
1664411
1692969
1729168
1687713
1850610
1764236
1744412
1042291
1720120
1780156
1477719
1448509
1695691
1784118
1369714
1731527
1209772
1719059
1330584
1440969
1147826
1067057
1725388
1189202
1795694
1426495
1060890
1728216
1805500
1299581
1294019
1472858
1214198
1727396
1865476
1780100
1890704
1710501
1717495
1828603
1834918
1696450
1710132
1794781
1302307
1411846
1417775
1179171
1870365
1388617
1388948
1421020
1245710
1457491
1741374
1210078
1284906
1109354
1111208
1036611
1721260
1803799
1719570
1731880
1874899
1725087
1848957
1825217
1685843
1099329
1870431
1794352
1412190
1856196
1728041
1706959
1793277
1837298
1867123
1682812
1869884
1717705
1762830
1988831
1767328
1729466
1687911
1722318
1727593
1844825
1323573
1849966
1378491
1808444
1791155
1744064
1724689
1795775
1692764
1724337
1661371
1714206
1329921
1658551
1324586
1698044
1729234
1050054
1446316
1717338
1702131
1658228
1469378
1491463
1732054
1714639
1830911
1680394
1826696
1690889
1829146
1828490
1729417
1396296
1714835
1775354
1069331
1686001
1719675
1491583
1798293
1726265
1773049
1215976
1070388
1812209
1729104
1068345
1071766
1794221
1763096
1781384
1980410
1978715
1821197
1302319
1720913
1804404
1805823
1804883
1466322
1379842
1688703
1464478
1691289
1763105
1786594
734098
1477863
1432697
1689319
1198167
1206104
1253556
1252659
1769694
1775453
1780471
1198172
1228155
1728183
1373307
1729303
1714428
1782437
1801733
1065269
1480638
1729530
1678702
1491106
1794541
1494751
1772496
1375642
1354344
1388354
1470726
1810571
1724466
1066571
1699654
1724164
1263613
1080049
1118905
1741843
1251783
1725950
1807788
1108478
1192535
1728656
1724407
1778537
1203013
1055580
1377071
1727811
1057046
1414725
1802281
1771422
1801146
1311717
1694980
1763000
1732078
1420999
1744078
1717558
1792145
1333548
1794225
1764082
1379367
1743665
1781460
1446340
1448063
1793032
1404122
1690635
1798991
1416166
1187988
1731180
1794462
1316904
1366921
1417973
1223661
1417333
1791150
1470167
1687670
1357743
1051993
1722771
1766131
1722774
1723344
1744725
1781096
1681426
1775783
1087048
1301632
1798677
1333962
1777934
1443253
1682638
1726243
1689048
1044904
1431671
1743931
1689126
1036494
1787533
1718671
1787111
1041508
1720210
1308288
1718791
1681846
1114836
1792024
1722972
1725139
1407577
1728201
1334323
1701177
1456018
1693338
1421296
1417791
1121384
1087836
1225227
1682551
1744486
1677979
1375363
1743143
1698689
1726868
1674615
1773831
1786827
1236507
1405354
1436226
1785749
1977536
1820968
1804439
1717609
1406462
1489035
1742813
1388450
426569
1741873
1763165
1772632
1440048
1731943
1779212
1474985
1660545
1046489
1313376
1686422
1708891
1399559
1488223
1381343
1772812
1683018
1717503
1732588
1492473
1412488
1713512
1456662
1733073
1728889
1364775
1780634
1743344
1320464
1680834
1116278
1780517
1029640
1742846
1055978
1719695
1720150
1724246
1490530
1767579
1670448
1465594
1478080
1716462
1728736
1731886
1687208
1730844
1468433
1684528
1468243
1689838
1426783
1720235
1417941
1455949
1471405
1773171
544420
1420705
1742797
1324101
1433758
1131024
1722441
1431654
1715195
1772665
1701990
1682257
1687162
1248109
1726160
1769707
1444507
1139271
1126054
1674986
1713544
1722548
1732670
1129903
1727528
1725070
1564554
1255148
1670716
1681598
1671781
1683413
1728131
1698457
1415137
1725050
1410117
1768946
1725049
1658570
1432214
1197157
1196929
1449660
1439102
1723375
1720322
1704330
1110844
1731551
1741920
1675170
1675890
1475058
1744749
1714458
1730392
1728791
1305272
1726335
1721375
1375406
1724636
1712776
1106706
1191520
1483354
1182770
1717463
1405147
1686403
1114674
1361840
1259792
1680384
1316722
1371332
1741961
1013509
1496547
1418361
1469782
1273930
1217597
1463894
1319551
1287147
1206581
1293143
1065299
1331149
1482733
1046484
1266300
1036864
1417694
1396696
1111539
1473051
1465807
1593303
1417891
1430670
1440962
1488019
1435934
1413890
1411789
1476507
1367885
1120367
1454752
1726305
1098512
1310350
1436150
1105729
1430446
1288667
1631616
1297504
1406404
1487006
1432188
1185857
1444301
1424641
1303670
1437129
1387173
1114658
1455353
1422062
1287929
1443410
1367247
1102310
1417845
1205457
1488353
1693583
1822870
1729515
1068932
1252339
1487692
1050686
1397679
1372646
1464131
1470618
1394647
1311703
961539
1398837
1031974
1417292
1194514
1191359
591038
1438382
1426051
1316806
1448421
1294566
1419676
1263521
1273758
1408436
1173067
1273044
1443518
1436369
1116121
1452650
1405479
1433807
1130650
1381258
1053175
1427627
1407119
1176865
1412588
1209423
1113093
1105560
1107414
1318122
1436489
1379838
1320405
1403339
1403320
1417351
1423672
1106720
1037366
1387486
1123547
1293311
1241836
1243794
1276757
1022434
2005029
2005030
1262877
1074220
1225826
1178682
1270555
1216649
1104598
1225192
1069733
1024046
1033974
1241978
1189747
1979200
1101565
1198004
1022330
528633
1114560
1108029
1145908
1043360
1107019
1115826
1063956
1086349
1043148
1035260
1029811
1019362
1042523
1004575
1113388
1449538
1862712
1021820
1055937
1050697
1053417
1047682
1059953
1078412
1067410
1020066
1089369
1038054
964617
1024709
1070798
1058661
1030675
958935
1065685
1053064
1047981
962069
962338
1054135
532025
1075178
860432
1042522
1043514
1046909
1038279
1048629
1022455
1060939
1044403
1050721
1074904
1039865
1010629
1056726
1042390
1050936
1056309
1071148
1029058
1008165
1076387
1044550
1070740
1068194
1030124
1043233
848547
1068738
960802
1058077
1013158
1055302
1046164
1040624
1065842
1055572
1066225
1054779
961374
1035282
1038821
961577
1031288
1043155
1048051
1031555
1049617
950940
1767420
1819785
385977
1029450
1049492
1068348
2024295
1884062
1066099
1031678
1030320
1037935
1022821
1018579
1039663
1053708
964464
1032897
1035268
1019929
1068338
1018427
1057485
1057326
2023754
1452944
858385
1050670
1040071
1022303
1040353
1050679
1036572
1047987
1040997
1068495
1057484
1004599
1008003
1042518
1032796
1059093
1067934
1002393
1052381
1717646
1468396
1058246
1049247
962036
1048865
11427
1052446
1030963
1055223
1061195
1031611
1019302
1044957
1016500
1041472
1054901
1047372
1046486
1713806
390863
1052332
1043301
958051
1032428
1006796
1065669
1032971
773140
798876
796292
1029353
1051708
1055882
1055802
1039412
1076676
1932985
1731615
1704773
831942
1024914
1042228
1029987
1039072
1050730
1037038
1054212
1031455
1672276
632211
1039771
1023336
792934
1046129
1035805
1051432
775960
2042024
808738
1033284
1049162
1032867
1048197
667836
1032297
926809
1010963
1022978
731935
1007885
778325
739483
759652
1011776
1015411
1023867
739328
799039
1013508
813505
1015622
1676866
724370
957865
727910
963910
738724
567004
703740
763172
1479083
1451001
357873
1479557
1848617
758370
758367
737424
774259
676933
2031849
808414
535858
786302
725693
725267
610344
1733177
742687
780292
1786343
1326003
1441582
1675226
652969
1732851
770427
735644
860987
650063
636854
2044029
774923
689577
707349
735518
775205
653528
769960
774887
739301
1977541
1157951
1786023
670243
738671
637766
790325
762717
656113
649483
857999
788565
731274
743563
831347
659597
796867
677852
786152
825454
588595
1484164
780218
780240
812232
650617
781565
691784
680854
215225
766823
774625
729670
1682368
623891
744372
756724
1402276
1063891
1768772
594386
739601
649581
769778
639879
658356
1487090
593561
725604
524947
767201
797069
1037062
622916
1684722
735914
760791
1674587
720428
716165
398873
501052
665611
672229
639965
672968
712126
1418349
1886705
662176
630650
568496
644354
655183
532261
340412
558675
429235
1706817
656470
532715
423411
437805
619750
622463
132358
260281
617408
211030
618042
610899
161571
419725
650311
532058
609134
643554
529479
664780
529909
418741
520040
1703917
616840
428849
273097
626411
260338
200151
194306
625761
268104
638635
1685205
627126
634344
646335
421876
527409
647892
646337
530381
628332
516244
537898
531929
610276
1658538
396613
506817
533398
397038
426788
493441
528272
651308
1064005
113482
537987
10056
621934
547175
1972852
252924
531925
528105
546956
522384
519935
623291
565225
1044561
1974102
271314
519649
561019
498668
644132
528191
550331
557638
602713
536690
369642
532883
500234
640031
489608
638563
640502
382033
593437
425275
299786
624571
212621
292452
616964
540156
557637
534665
557020
422258
532758
594372
619325
517200
517237
479569
479596
610724
214049
588892
527093
400008
535356
524061
580706
490156
596383
1331015
588585
205339
335736
90496
392272
521416
511719
106730
429926
539173
534347
1386956
339081
118886
162886
95014
539821
492255
205680
584009
738205
355383
164308
198134
101318
458509
1299763
359858
1024777
1631233
335893
239741
281099
1876490
133763
380303
259302
246125
272482
254582
81313
274623
207908
709110
1830985
13862
1420354
203921
258249
293375
364652
257333
192397
253703
254745
22610
287295
261555
113645
263156
271047
253550
278427
262114
211318
244467
254030
163890
89952
256360
534916
99419
1660419
1487232
1071226
580858
1701307
1476134
70451932
2497576
70208729
3503305
2156400
3156101
2292282
2739500
2384523
2399307
2464636
2221695
2351519
2149367
1011447
653777
744377
1439326
164423
1168718
769873
1009026
1045254
961558
1077080
1051831
1233362
686095
739489
1022884
1069325
1324933
1432897
1161128
1143169
1230758
1047529
1024893
779579
1128819
1173220
1071147
1042701
1264025
1113801
106200
662269
1419947
1267478
1312388
1387400
191262
1054437
538589
1330114
1045876
1021992
1194670
1318493
1046384
1050827
1007819
421890
202599
609110
1209631
1065279
1119773
1271112
1208441
1200452
776545
808639
1018905
1058779
1319396
1318251
419813
1408661
1017531
1013984
1300331
1377243
1183187
1054521
1294058
492253
1381551
1268715
1293586
607744
593219
1276291
1007771
785942
697268
1216955
1195763
1009867
1041844
1318471
1020098
1319699
1063355
648236
773643
1038220
1028791
684869
1188378
1179076
1082493
1056360
1059289
1044163
1216959
1038053
1055788
1391772
585017
945667
634168
1036073
1227529
1126081
1253447
626420
1010879
1324099
1310074
1024352
742164
353830
1144516
1183590
1029550
1386737
324719
1063758
1033311
1071390
1115484
1054424
1107451
1346945
1328895
683860
1358119
1108926
1297364
1039567
1324824
1205515
1059804
1196621
1189285
647965
1031706
1021776
1336929
1071340
253612
1126631
1306311
187261
1046756
1185673
1216669
766967
1054506
729377
1047874
1042698
1322319
1011815
687585
962121
1276376
1021593
764881
1316985
773460
908997
532041
1184949
1179074
1256896
1037433
1021962
1210392
743631
763471
1051168
1011230
1071136
1113115
842748
70515063
70004600
70215655
70507714
2991559
70097651
70152007
2152101
3118417
70084835
70074855
70019712
70049174
3333384
4610030
712261
1778569
1617893
1712680
1444529
1429237
1493538
1052324
1493228
1221506
666331
1447537
1334041
1008663
1437493
1477923
1483530
1407678
1413794
1429056
1017736
548428
1427597
1037399
1273794
1479165
1310308
1491317
1408050
1443275
964375
619827
1057274
1203643
1047368
1456016
1267490
1316880
1435526
1427122
1432661
1470815
1440645
1474908
1083790
1470641
1381741
1052716
1471553
1459838
1478505
1469276
1057029
1417790
1259775
1169332
1163724
1478659
1053945
1445843
1047523
1473500
1414226
1443369
1400515
1475376
1377143
555775
1487093
1660436
603625
1039844
1479370
1430122
1398944
1353933
1311524
1062356
1476166
428842
1039454
420922
1398589
1427107
1490083
1053273
1054049
1663865
1254426
778751
1430187
1293691
486796
1164153
1433959
196467
1206110
672702
1299658
1104427
376742
1221415
1209989
1110118
1379895
1034321
1450313
1678147
1456652
1442297
1028485
1118139
1440079
630249
419026
1441339
1293893
1417564
1681800
1461631
1488854
1602112
1206090
1662816
1685813
1690267
1386250
1429994
1412187
1671689
1689448
1688782
1671038
1675165
1684981
1444544
1674579
812908
1619448
1681914
1033574
1678219
1671210
1682014
1468230
1685977
1680613
1685815
1660905
1448018
1097559
1660993
621500
1686322
1675653
1674740
1563371
1676764
1440971
1685820
1631182
1271335
1031705
1328979
1419295
1075185
1040029
1254042
1449716
241367
1425112
1382327
1299214
1480649
1448573
1412792
1035709
1224630
1430915
1392532
1191897
1432798
1421239
1274482
1260025
1031574
1451084
522602
1477840
1309202
1438334
1172229
839651
1318665
1481985
1226679
527405
640427
1470626
1225755
1290068
1403947
1441075
1448123
638941
1028601
1406277
1075151
1443433
1469568
1039403
1324392
1055200
1244596
1463601
1203946
1346128
1057508
759468
1304998
1032380
1453669
1274582
1387494
1464468
1116887
1406985
1055082
647606
756869
594315
1273736
731675
1449299
1031442
597614
1334299
1047939
1270709
1456574
1104004
1058341
1397530
1414141
1400521
1322501
659694
1182269
725359
1203576
1022284
1447732
1039011
1063746
1441934
241678
522906
618092
1423851
1256456
531555
1031466
1425085
1047927
740028
1407571
524006
1112643
1407352
1162373
1347377
1401983
1389069
1139512
1418016
833245
1221982
1365586
1271182
417577
1429772
1227411
1447722
1450841
1034255
1130786
1283863
1398081
1421750
280203
516719
421501
1043180
1404655
1103425
1419043
1063703
756455
1272764
1418031
1103892
1408039
1426245
1190211
1294340
1441915
1039187
1048656
262510
1444279
735697
1040077
1147829
1318941
1156661
1448062
1388404
270868
1276430
1047476
1036852
1002849
1116135
1446068
1033067
532969
1379513
1399955
922760
1444574
1303170
1221496
462319
1444475
1097232
1223500
1087714
1441104
1384926
1034271
1318078
1428742
1443869
1039875
1188869
441453
1432692
1436676
1173708
775459
628474
1041252
1419870
1034231
961572
1054065
1163500
621821
1010416
1024383
1062632
1439342
1414269
1087790
1040741
1046343
616941
419775
1024362
1055066
1403270
1398170
1406624
1186248
1418204
385970
316971
1196834
728986
1186398
1390068
636510
1049000
199526
1050122
1332835
759986
1391753
1426393
1297361
1423008
1063675
1100692
1203970
1406554
1322631
1413093
1056334
1384141
1326198
1313178
1118477
1424260
1070648
1300328
1102282
742414
559871
1130843
581740
1428104
1432891
1045386
959689
1302723
1189004
1324506
1408418
1435506
772482
1390845
1422856
1195868
1424840
1393447
1324906
1035680
1254750
180290
1116454
1083937
1400129
1192508
238813
1031365
1277222
1306602
1281423
1386218
776072
1011678
1038188
1182277
1379496
1067123
1120289
1379192
1300326
1293284
1051137
1399747
1196947
1288603
1035902
1305972
1408606
1109451
1387584
1374868
1408687
1406581
791088
1408140
1407580
1024825
1397447
1200447
1265806
1407642
1400474
1408714
1406840
1405582
1041644
1406845
1398481
1408658
1407365
1402166
1408109
520814
382822
1049861
779602
1275258
764883
1182285
1292336
1312396
737087
1254977
1055093
960236
1243792
1071351
741894
1040731
731143
1063261
1053918
1276993
1365364
1041353
1188014
741954
757048
1406203
1393023
1314339
1401599
1406992
1220369
1040586
1057606
1047698
1389915
1285377
1068042
831920
1408026
1276144
1205479
1378218
1227482
1217577
1046329
734955
858717
149314
741420
1311439
1291609
1196499
1092458
540783
459727
758374
534169
809281
1355255
1259976
1046244
786149
1291615
959688
1019410
1383953
1060992
1209844
1365099
1243076
1206239
1003881
1101011
764691
1110694
732169
1264528
961660
539939
1290290
1041808
1037105
760433
620996
964916
1010020
1089959
1224165
165444
411785
266438
763499
1344732
777946
1300370
254597
533026
725592
1061093
1333296
1249064
349472
1157676
1103430
1047914
736866
1325422
652491
1160034
1394758
1064687
1188786
1192389
673831
812618
1305264
1064196
1119418
1225077
744326
1253029
1035801
1071365
1253849
1076840
649894
1099314
809906
1028725
1330382
1022328
457314
1050371
628292
1223766
761619
1089453
1321734
1294589
509376
1046479
741297
1299548
1300372
1389658
1179167
1057562
529653
1052071
1115552
761843
1122518
1087851
1037782
529321
1293157
733177
778489
141725
432475
1071344
1118137
1030039
1388908
617333
1375848
1071307
1063148
781304
617249
1044451
1030193
1308046
533624
1395463
1297398
757387
1305393
1134738
1386113
1285461
1189393
1304448
1275102
1336889
1216780
479528
1118823
1301755
1283342
1318872
1108517
1021488
1378704
1331990
1332016
789684
1054477
1315943
529317
1337370
1385466
1329893
1216784
1222613
1041055
388186
1015333
1197362
1053250
1296615
1054095
640569
1115667
1069679
397754
256316
1320270
683074
1107837
533735
493445
1060749
1068983
961664
1346395
731188
1243787
532438
1275330
766882
1133906
780551
1253852
1212669
644642
1200428
1040846
1057169
1179081
1020239
1279125
1191499
745064
1203953
957204
1368203
1299050
1097662
1034322
1225641
776906
1282259
526511
1344824
1063519
1187214
663958
418155
488191
1245674
272808
1065578
1041162
1093798
1212302
725465
1196861
1032375
1103480
1022444
532062
1379104
1019682
1118141
1105755
1331189
1279814
765209
1269617
1297431
1296511
1144936
1370265
605320
1054596
1329960
1129593
1279327
759686
1200031
1293901
1275363
1314546
1077423
151652
1036203
1311047
1130735
814193
1306313
1309509
1063114
1065500
1053220
1225973
1293900
1298812
1322633
763432
198459
1061481
1280106
1328194
1345266
1038878
1024841
1039586
1037624
1060877
1024552
1175289
1052341
1030669
1315668
1093567
1022735
1282135
1095407
1306971
1307101
1208377
1279944
1282308
756928
1326775
1330455
645159
1294135
1300371
777440
341159
1007485
1315761
1311010
468303
1260774
1005259
426478
1050491
1058349
733212
1307290
1028247
1270268
1044633
1032270
729601
1299583
1239052
1304331
1294108
1043577
1023493
1173489
1314778
1052378
1065075
1045572
1298644
1217260
155378
1087767
1275407
211207
1302653
757913
612188
1030157
1100397
1248757
774262
1118551
757582
355438
441909
1109373
1107040
1117345
9338
528130
651951
1250305
1247672
1020474
1055463
726783
381464
1256252
600311
1179170
1179073
795142
1024888
961544
961661
627575
1185632
520858
1254039
785717
1010573
1276487
757389
813559
683384
1055090
1022811
1256423
1186940
1159641
1189517
1035286
633427
347681
421315
744122
1197185
1275512
1039719
1185766
1105695
1237210
633844
1047190
1112930
1274556
622531
653191
1041528
10828
1036503
1018735
1024736
1067128
1192527
1031440
1294462
1042589
1067067
957144
1052087
1225101
964923
914664
1120770
1097988
424999
1086962
1023676
1274730
657036
690978
1031754
1221180
1186336
417741
961659
1060731
655409
482533
1049197
1044627
236993
779175
1299113
1262611
1034293
1030059
1175149
593469
691842
1200576
606002
1085298
1058842
1290063
1037538
1046010
1250313
1224738
557992
1005286
565190
964482
1050942
1224164
1038605
656981
786252
1056354
634362
1046817
1206226
1203452
1066489
1063021
684811
1115692
1062330
1206964
1053674
1051081
1013465
1259767
1041402
769050
1261616
1052701
1217218
1206378
518898
658358
1023501
1183676
1270506
522323
1054682
1024824
1115586
1053445
1266412
1231861
1047481
1020905
613333
1184931
1185084
1186460
1200613
1203451
1200577
1110223
1046063
1189000
480390
1186339
618817
688661
1185948
1055365
1054379
1010027
593720
1042543
756706
1045289
727384
429470
1230074
1004933
1064318
1271811
733209
1036376
1024859
1019921
1070576
1083156
1041795
1223072
1268180
199637
1244310
1189869
1050672
585923
1028429
812810
1084360
550241
1045730
1030054
529725
1051228
631084
1077201
1179165
548408
516771
1041673
1253598
1111954
114120
1186522
1029675
1179172
1013439
1065738
1021945
292450
1023954
1052638
1137794
417495
227720
770354
1028603
1050757
1221915
532111
149804
1203999
369863
149801
766769
621551
561598
1248662
103059
1021662
761044
735733
669032
550214
638917
527143
529437
1112242
1080304
443884
1069050
519916
727885
756745
1022893
745024
1068100
1011194
764929
1029930
1177461
775989
1087650
761884
761880
1055939
1028780
411342
1028738
780563
274407
790354
745285
639790
1053319
1047519
1040934
105914
1019125
639365
813370
764698
499611
412167
423479
1036489
1115053
1056615
483324
841948
1176768
841851
572726
1069238
1050745
657765
762628
622630
1186315
964252
813105
769879
626869
657527
628920
1196271
810627
1068190
1189361
1023095
956131
1040921
960744
466280
259095
734000
1056925
1061200
188601
779434
1050695
652427
767049
832298
70485400
70279966
70482270
70430790
70113337
70523710
70211301
70511626
70487125
70512705
70520265
70554941
70501842
70447616
70469444
3513269
70112108
4398293
70166479
70430986
70439590
70489202
70475034
70525395
2983019
70552825
70533040
70545044
70035109
70502537
70512930
70483341
70418287
70479635
70515096
70501773
70432024
70178048
70517986
70490261
70136091
70515048
70443954
70496095
70425566
70503047
70236336
70008506
70510650
70302198
4609846
70502342
4242213
3122488
70346569
2898146
70329040
70421784
70455097
70389875
70467916
70303693
2762386
70261240
70318885
70463116
70230997
70460051
3144611
70243909
70403570
2789685
70178897
70421589
70299456
70449590
70455257
70375124
70449231
70452708
70086443
70443951
70447861
70274447
70249383
70184882
70369442
70115676
70449629
70449303
70399362
70426048
70380624
70179406
70098058
70105594
70434196
70443105
70378558
70438659
70442154
70303848
70443349
70026101
70198053
70441684
70104657
1729372
70393675
70434731
70416621
70422366
70401649
70437541
70433472
70366708
70232890
70421084
70436637
2748244
70431077
70347593
70385892
70278676
70408805
70214955
70399612
70376673
70431793
70158620
70425321
70401270
70419306
70116197
70273884
70200672
70266508
70411527
70139727
70148212
2487499
70129736
1788921
70359149
70293175
70392531
70087871
70340931
70044843
70400090
3350734
70194448
70384805
70075578
70236882
70169109
4621680
70392965
70216022
70403694
70099441
70304977
70222715
3536022
70161416
70131982
70178374
70351437
70328352
70300740
70393055
70148882
70236285
70176136
70243160
70085351
70317705
4538714
70278766
70159053
70187646
70360514
2780772
70169488
70250102
70162682
70041402
70303891
70179146
70177459
2420758
70334732
70334432
70392647
70176523
70129335
70379654
70211455
70251032
70091697
70092233
70081762
70178961
70282930
70323906
70323720
70228431
70240651
70306905
70160832
70143088
70194583
3524433
70202875
3135343
70153670
70007186
70313582
70248760
70304265
2468520
3470788
70377537
70260563
70246942
70376062
3518193
70278099
70305764
70099760
70211391
70131414
70178167
70298340
70225231
3312008
70352460
70199839
70371802
2424056
3132878
70156668
70329740
70322143
70179038
70243234
70315613
70040154
70077461
70179341
70366504
70136925
2983655
70366782
70314747
70239385
3190898
70099658
70153124
70119381
3135392
70152090
2984614
70229688
70272910
70309436
70354406
3545297
70103202
70158611
70230574
70152691
70078393
70292136
70336415
3292814
70244662
70046111
70251025
70277247
70267974
70237656
70169727
3509492
3132948
1714641
70307948
70334769
70313107
70145797
70231385
70164740
70336426
70296001
70340104
70159903
70254580
70207811
70343539
70340590
70158870
3326544
70253540
70039467
70020978
70244046
70342299
70323144
70099681
70286451
268246
4387111
70322399
70340831
70140695
3607910
70158062
70249586
70130214
2461062
3151205
70333058
70304396
70206065
70029497
70325467
70337948
70203861
70278686
2440303
70230613
70132408
70323416
70266814
2279032
70162843
70192453
70281150
70172084
70176827
70268147
70329880
70179296
70038479
70230398
70306758
70197681
70148193
70287403
70199215
70170143
70113974
70328784
70147915
70315079
70298474
70165176
70127136
70154604
70313599
70156535
70156694
70094788
3611935
70165293
70240916
3416054
2152133
2488883
2886773
70322684
70269305
70316144
70195226
70157730
70110049
1269600
70131729
70147739
70321689
70200226
70153056
70299759
70299765
2815448
70004578
70148508
70156371
4604519
70210666
70293604
4584654
70294812
70313050
70187302
70186907
70178340
70033534
70196611
70253058
70293926
70175521
70167952
70176172
70236846
70272366
70165909
70292265
70149629
3434973
70180835
1796659
70074348
70181426
4577084
70308554
70031260
70295824
70301000
70083057
70299594
70174830
1725077
70131038
70261867
70171256
70301758
70157253
70216942
70200406
70175932
70093997
70128689
70072530
70246036
70263194
70124521
70211090
70251259
70175021
70131731
70144806
70102322
70164110
3286741
70232361
70186819
3134621
2476930
70296265
70296620
70143038
70155616
70090708
70292598
70065105
70160456
70242211
70135721
70295324
70058551
70211885
70165406
70290065
70181162
70171439
70178737
70148266
3131230
70122666
70160372
70158339
70177305
70073577
70175105
3159953
70106710
70287247
70286353
70287495
70286211
70255396
3288136
3558476
70211099
70251611
70177243
70178849
2727799
2892232
3137209
70150826
4576033
70087905
70228271
70268553
2790291
70279624
70082488
1847343
70213064
70249140
70245964
70272469
70077356
2782462
2418783
70159855
70104171
3257130
70164823
70195775
70162009
70246040
70049403
70260170
70278283
70200470
70275929
2747490
70161734
70086429
70253784
70066874
70139556
70271039
70164393
2756375
70197536
2458391
70270774
70060473
70265437
70265687
70122667
70069190
70245025
2396668
4228895
70216664
70153790
70169085
70174362
70170784
70166150
70152796
70155016
70171286
70021548
70140080
70262457
70105421
70224603
70161774
70187008
70160204
3281103
70026514
70157725
70126554
70149155
70208489
3224092
70084969
70196391
70168011
70178288
70227112
70127021
70254747
70195803
70100482
70143107
70208814
70073894
70178772
70252621
70146585
70142540
70129302
70179042
4113751
70159474
70179962
70143803
70184967
70208778
70196010
3147201
3563202
70074480
70020697
70002552
3236826
70251539
3565784
70173942
70193531
70248769
70126328
593449
70173739
70139966
70098612
70125193
1406508
70125279
70241654
70003561
70127338
3154125
70098711
70198361
3501400
70130597
70239034
3364568
70005495
70239796
3231326
70152764
70163356
70163084
70157433
70100097
2483729
70230924
70165770
70079229
70041343
70159870
70101780
70148666
70145604
70231829
70162112
70218764
3549220
70104322
70180396
70137994
70179838
70193779
70160751
70173321
70181933
70050892
70233769
70192971
70150205
70107626
70158429
70108462
70187045
70229939
3579554
3517465
70145337
70099977
70137358
70007445
1863390
70145547
70231084
70145281
70046849
3155628
70160591
3426696
70155183
70198091
70095846
70098466
70168510
70226428
70168795
70166016
70180068
70167072
70221921
70172115
70208659
70196396
70096660
70136258
70160495
70178226
3125311
4557579
2158569
70131954
70152896
70163754
70183739
70165820
70211447
70169047
70155838
70210525
70162019
70208786
70147595
70153599
2111313
70133449
70177162
70168773
70179063
3315239
3145160
70109739
70152520
70202915
70172137
70081443
70176702
70104920
70163391
2447022
70179145
70153967
4599782
4633991
3308148
70185656
70146138
70188028
70202063
70201451
70033258
70170077
70199118
70018695
3584630
70183645
70123202
70174359
70081263
2513516
70152116
70181189
70179454
70103942
4543794
2424087
70134489
3151436
3427692
70114706
70159160
4623262
70188105
70127397
70068581
3125744
70127986
3151486
2393749
70131939
4557993
70091123
70191351
70087845
70192596
70047172
70102007
70141080
70033156
3307654
70173316
70186179
70185577
70161089
70153589
70153588
70126683
70152020
70178337
70182095
70170278
70094780
70120946
70178536
70180134
70136898
70131620
70164126
1724140
70151410
70127177
70019376
3118976
70147734
70153586
70016961
3138891
70106799
2365337
70163049
3118939
3216545
3190095
3341996
70005962
70153851
70065939
70148774
70149547
70151380
70079945
70096561
70121702
70166020
70143582
70113957
70158514
3363884
2365002
2991834
70144706
3024190
70161441
70034239
70085503
70123027
70077131
3133750
70108114
70065737
3488854
70116927
70163352
70161043
70155394
70148936
70061344
70135428
70126361
70158944
4635401
3587822
70156934
3320903
3152934
70115156
3124557
70119073
70095966
70074316
70138765
3498062
70045565
70123650
70062806
70138267
70126503
70139144
70130868
70130806
2426325
70097278
70075986
2718620
70128621
70074312
3456514
70127235
70132063
70105741
70125113
3485394
2793979
70099553
70060140
4581885
70122924
3587007
70000357
70082337
2785431
70071615
70097877
70117041
70119405
70116548
70040101
70108024
2801341
70112751
70081918
70067662
70113181
70112928
70095744
70112748
70111042
70082344
70111873
70112910
4605063
3378368
70101961
70108839
2494076
3357938
70051687
70108441
70109316
70065790
70105182
70063800
70056814
129824
70092924
70081326
70107059
2273843
70103817
70027742
4155405
70104153
70047707
70098456
70104020
3265447
70048985
70093791
70069337
70102739
70066818
2510089
70096555
70093753
70000705
70077885
70008969
70101959
70072650
70065992
4636894
70070032
70061393
70101778
70093540
70084697
70055910
70084376
70062829
70080249
70067533
70081892
3528194
70083230
70048356
70093424
70090979
70061571
70071331
70093379
70033152
70097825
70083229
2739359
2756745
4534870
70061682
70083400
2993373
70091290
70031817
70087482
70070939
70051662
70080128
70070427
70094174
70071900
70093706
70061226
70041284
70085596
70075177
70045398
3199029
3163039
70052586
70081824
70071481
70092418
70070221
70087634
70070384
70006296
3488830
70079106
70069332
70054978
3428546
70087133
70056380
1680790
2424865
3413776
70084443
70001260
2799746
4618497
70031215
70031505
2976560
3174647
2295696
70049280
70038117
4588488
70082200
2816466
70041525
70033858
70053388
2342485
70037113
3302861
4568254
3155688
3299927
70081473
3401022
70079255
3126438
70078661
70056160
70022751
70060389
70006309
3120386
70051820
3566759
2378838
3146653
2752438
70048251
4588627
70019391
70055101
2135491
70017535
2415088
1462669
4585033
3134150
3618610
70027772
3159880
4609803
2240001
70036669
3518831
70004807
3533681
4597740
70046582
70066870
70059870
3191106
3190873
4621474
2504541
3498005
4579954
70000093
2756673
3166434
70029320
70016585
4520782
3131045
4621484
3470762
2754282
2801332
3149048
70057730
70004513
2071365
3558293
2510537
3160600
3434212
2808257
2993093
70031188
3274929
3136203
70034826
3320899
3171013
3125806
3461902
3340519
3540567
3538961
3540642
2781994
2295693
3463581
4527912
2813727
2993609
2989038
3505452
3427272
3463633
4552841
3131501
3561324
3472834
3435143
4550166
1763453
4548169
3276535
4527204
3485312
3554578
3285668
3483895
3510982
1474874
3425878
2090503
3520717
3434109
3346836
4522088
3468185
3133332
3543670
3255396
3452645
3614687
2496151
3255591
3196804
2443383
2755263
3201338
4521217
2473545
3539604
3498184
3519761
3148109
3515300
2392766
2523573
3556534
3391555
3499174
2890369
4068145
3480023
3116067
2758658
2724735
3527788
3390109
2363668
2888089
3261198
3511057
3136490
2122373
2756299
3120486
2222638
3356763
2798463
3133993
2447484
3154463
3420936
3618804
2750303
2755164
3391888
3326144
3375314
3266922
3281897
3131142
3620897
2472547
3220685
2809542
3526152
3255249
3157863
3129064
1268071
3307519
3451036
3347672
3332075
3531471
3264300
2502270
3567712
2534524
3124135
3153997
3495512
2801573
1826736
2556776
3328059
3438314
3137625
3537853
3550314
3423479
3319747
3426777
2216453
3215404
3424926
3137344
3441049
3536816
3153793
3159957
3286058
3151393
3218658
3121871
3303359
3536822
2730669
2436996
3239952
3463706
3417855
3373150
3254864
3510719
3391783
3516474
3526482
3528238
3356487
3476468
3215608
3398614
3222265
2778152
3140050
3169877
3379313
1431604
3348869
2397951
3525209
2408875
3499278
3130933
3343223
3119598
1292974
2716808
3127032
3130574
3203450
3294349
2797760
3542815
2187073
2493163
2785544
3452277
3475470
2805328
2799449
3365456
770355
2780393
3117462
3161782
3282380
2505320
3417806
3132695
2267402
3130890
3197608
3152778
3214482
3160975
3123133
1856216
3312000
3129203
2894242
3123428
3115757
1722728
1935701
3469628
2780891
3432030
2765853
3235562
3159448
1875634
3516369
2149661
3160460
3418350
3354084
3330216
2395778
2261158
3503213
3255171
3217598
3169578
3170762
2464474
3475424
1834727
2403543
3155839
3121311
2990423
2722500
3494863
3327733
2448055
2023123
2232204
3254498
3461598
3425382
3497354
3275472
3223790
2787260
3241337
2807124
3171175
1984130
2755089
3155837
2734382
3340534
3275055
1890064
2505227
3378095
3446347
2480074
3134372
2497669
1954337
3121717
3434249
3155054
3392156
3128345
2779686
2784731
3282996
3149220
3116783
2760341
3235559
2237377
3314378
3137817
3161788
3149557
3240859
3406849
3117592
3117315
3163140
3201323
2989452
3439287
3425433
2889277
2419946
2976602
3302944
2407523
2250543
2716866
2759801
2750311
3163308
3163309
2766935
3191573
2763241
3101943
3138516
1377837
3137341
3131909
3137692
2413890
3125824
2817099
2128176
3366445
1014684
3159944
1795701
3128163
3330040
2477907
3129038
3333017
2729687
3328126
3256222
2221702
3349258
2424011
2075114
2742562
1387163
2987341
3351239
3347898
3190326
3287147
2515370
1052069
3118791
3255580
2443827
2104178
3155722
2668575
2474355
3160796
2889240
3163946
2408724
3152071
2721390
3143826
3143575
2807913
3128168
2462120
2725679
3133112
3134260
3137565
3140051
2802614
3135549
2726082
3119212
2861303
3121283
2749611
2756498
3133619
2804915
2781318
2787658
1491326
3122109
2752434
2728021
2724250
2899840
2906835
3118747
2991053
2481632
2785847
2984332
1446679
2860202
2895650
2860455
2421170
2717490
2460742
2899187
2796258
2405309
2899732
2886904
2755445
2443938
2813062
2871641
2497525
2523790
2808905
2553155
2812919
2812391
2801772
2801997
2723447
1847163
2750610
2806808
2744544
2814422
2811950
2810698
2479162
2810841
2811659
2781279
2419706
2812604
2514966
2802182
2709494
2813811
2182745
2793874
2753465
2499930
2803873
1659159
2806714
2728365
2780504
2720801
2798159
2502639
2806393
2801600
2548517
2799717
2722520
2798429
2226707
2802181
2518528
2526599
2758489
2726872
2801321
2755937
2783407
2696953
2726142
2784405
2497963
2432296
2499247
2780197
2711687
2784957
2112366
2424223
2754043
2760323
2788391
2422116
2563452
2517367
2772897
2759061
2743688
2754471
2518419
2738725
2787655
2743484
2668658
2680791
1450606
2723344
2762257
2488891
2745627
2316785
2773356
2384245
1245349
2781792
2435304
2513631
2431934
2669139
2755447
2238237
2499190
2762270
2758376
2702134
2464608
2450136
2759111
2479395
2745687
2695399
2762398
1441593
2760743
2760207
1132741
2756581
2718771
2375744
2491477
2751871
2183168
2506651
2217076
2752087
2279279
2524128
1719997
1962193
2480258
2123591
2201590
2743964
2382984
1047274
2491970
2393160
2452887
2312715
1965919
2396538
1720250
2425282
2291005
2480695
2353329
2502918
2112363
2445508
2719292
2602017
2728355
2636031
2498343
2512254
2579572
2480420
2493788
2728764
2465785
2689288
2490633
2583392
2505696
2510817
1840739
2477215
2408416
2498354
2370655
2722421
2401735
2408122
2493816
2494846
1876648
2508707
2475790
2717988
2459484
2487725
2456989
2724392
2524494
2344976
2448251
2372451
1721078
2381515
2502786
2402355
2301839
2155996
2473630
2139688
2145849
2426330
2669281
2333423
2486392
2457683
2400085
2288137
2431266
2403725
2438442
2483257
2711726
1685718
2515759
2342013
2055478
2440780
2440257
2489418
2402365
528230
1875815
1982891
1267521
2662926
2385599
1988131
2392499
2441571
2482074
2517405
2138422
1369129
1479114
2526348
2506609
2520121
2393373
411823
2394116
2317937
2427819
2090430
2214011
2470489
2474043
2450290
2504685
2502094
1835553
2139232
1147362
2503351
2406782
1978861
2496268
1687553
2384744
794280
2479417
2089991
2384448
1870669
2125479
2484597
2297602
2435319
2490959
2227964
2466271
1433085
1776813
2477876
2317495
2456681
2224102
2441156
2227409
2456429
2281097
2363669
2344066
2447614
2396598
2456098
1810847
2456841
2458304
2395922
1912118
2273732
2130690
2230877
2458054
2146250
2413595
2458394
1727283
2202667
1962576
2418973
2385607
2459643
957911
2442175
528426
2399893
2141599
2382656
1742706
1720818
2443078
2118902
1763862
2201556
1997399
1246908
2279280
2259598
2208201
1687554
2404601
2024406
2391547
2223546
1311305
2164169
2415554
1811862
2383901
1696580
2160021
1430579
1672670
2131890
2413085
2295061
1743773
1424485
2093700
2210082
2125646
2417083
2382978
2322685
2400784
2299347
2097821
1819626
2190917
2297747
2393201
1763568
2330674
1819267
2312206
2394915
2397155
1798964
2382442
2396746
2314064
2383144
2374586
2162722
2278666
2367386
1725605
2374583
2373075
2371305
2351048
2165658
2368589
2274898
1830622
2368373
2348480
2360474
2237587
2283059
2370908
2362786
1048742
2297243
1962537
2280076
770028
2237390
2277435
2214117
2249338
1805907
2157782
1876491
2139563
2123590
2288927
2344609
785900
1449814
2258437
2140413
1276742
2212887
1437648
2233649
2138892
2045817
2277944
2272474
2038553
2132793
2165152
2092445
2302135
1721271
1729190
2231492
2142208
2149352
1978586
2025613
211224
2070642
1846365
1988038
2123587
2148002
2104781
1325524
2241556
1871610
2136103
2232215
2155966
2216111
1984150
2261966
1899051
2253071
1847253
2261977
1989527
1988677
2133159
2076505
2222815
1860747
1731885
2240013
2125467
1977814
2091253
2013373
1840165
727813
1457940
2206988
1036146
1404667
254884
1794111
2102854
1716749
1863687
2126781
2130520
1798905
1126164
2115880
2125026
2126929
1763987
70540155
70561150
70596446
70183610
70510515
70193666
3443830
70170425
70450419
70260193
70466112
70455113
70561290
70525446
70511171
70517989
70268470
70556583
70522882
70476624
70477003
70501644
70442357
70181727
70332923
4539625
70471716
70069026
2148324
70462134
70439026
70363035
3478901
70159783
70193033
70211388
70135034
70318883
70167966
70251328
70341688
70290916
70290782
70234371
70318769
70305914
70257441
70158588
1049616
3170971
70090761
70290090
70308351
70228949
70187909
70230494
70142590
70042672
70130871
70139604
70300662
70192381
3266243
2513127
70298275
70100361
70187625
70154682
70293046
2470314
70069188
1728431
70147074
70005224
2255838
70127855
70058807
3519170
70286265
70259984
70201241
70098381
70186293
70040498
3482906
70149481
70168895
70185394
70160359
70194774
70153744
70157563
70149031
70174323
70243318
70177973
70225203
70169118
70207063
70236155
70238680
3418295
70214785
70177293
70154891
70215627
70101335
70186351
70160115
70135985
70201259
70185154
70135015
70132557
3397913
70050252
3274071
70151378
70082090
70160340
70156203
70154317
70006464
70113345
70001029
70140773
70051599
70126931
70123008
4559512
2004528
3503125
70035090
70085192
2762767
70069822
70045415
3540273
70020996
3242285
3561751
70070522
3461337
3161755
3587251
2059567
70040688
3505887
4079216
2488015
70053226
70001059
3465691
3551992
70032530
70039984
2783453
3547410
70023912
3159951
3494784
70041444
3521613
2991557
70026944
70008287
70011903
70030156
4530390
70016220
2506623
70025363
70027427
3460382
3515545
3154209
3304931
3194095
3373154
70002479
70011942
3498622
529713
3115893
2103235
4631343
3166563
4580223
4567012
2757905
3345558
3262248
4626297
3557247
3480828
3130621
3423497
3131884
4529716
4524799
3527933
2666403
3129343
3135755
2721484
3527514
2742911
1718103
3485363
3135749
1069284
3151424
4571083
3370108
2083588
3136438
3602716
3141032
3567605
4529152
3134570
1644343
3530601
3532862
2674849
1805601
2435502
3131359
3122934
3135386
3528174
3151512
3314206
2503696
2494921
3128564
1052680
2494911
3168307
3491672
3231554
1661103
3535629
3167615
2504173
3430496
3157897
2384082
2141798
3163802
1489298
1052351
2632319
1959086
3140868
3256073
2413583
3138241
2408794
3394856
2512242
3119798
1431172
3281773
3154268
2410776
2911438
2782390
1821697
3306979
2520727
3256185
1301818
3129472
1304995
2417975
2985145
3128304
1038752
3129390
3117958
3149746
1052961
2806352
2736885
2367352
2418889
2789118
2391256
2746085
2748348
2751567
2754322
2789263
2467864
2464762
2780003
1180321
2790050
1976719
2345228
2760367
2525094
2377912
2363666
2733684
2713249
2398173
2079886
2728083
652656
2739363
2723457
2758921
1706266
2459538
1022433
2471658
2107000
1491772
2511269
2491165
2313412
2450936
2732974
2486490
1724831
1441005
2401596
2489113
2221061
2254522
1847648
1800266
2450150
2306218
2636684
2429239
2502755
1491327
2462044
2309250
2083561
1482038
1764299
2397399
2418053
1742745
2367819
1486970
1052996
2273974
2390955
2420769
2207823
2460889
1867989
2135502
2091115
2404244
1728083
2485516
2262754
2488306
2443640
534714
2184488
2479765
2493118
2264121
2203052
2267946
2472203
1744567
1283805
2443999
1701296
2369447
591206
2269988
2482179
755857
1037896
2370957
2422580
1841767
1726432
1470888
1039480
2422675
1868310
2067585
1786913
1826846
2451142
2446188
2213552
2424825
1715795
1324291
536491
2162822
1394606
2279625
1767406
1449479
1288156
2182722
1795677
965583
2429242
2312744
739556
1876434
2419809
1767257
2408980
1816036
2242562
2370597
2374193
1417525
2146095
2422660
2023259
2044183
2137831
223961
396095
535780
2408159
1719983
348417
1969678
2418409
1470561
1809665
1120522
1487971
2111766
2396364
1163498
2270860
2372673
2022117
2189951
447018
1464847
2257000
2396143
2233971
2302472
1705567
1478127
1054266
2136726
1314929
2114091
2359715
2373359
2366737
2140058
1241972
2149817
1687245
1447779
1227541
2219070
2128149
2111963
1786807
2300014
2087927
2085928
1861753
1048649
1691523
2116376
2022288
1862213
1050104
2280702
1064164
1712633
1423907
1406953
1726033
2249801
1693622
2071700
1491525
1608418
640880
1982881
1868041
1039564
1834772
1703591
2211136
1818606
1848165
1184947
2044098
734952
1704521
1801860
290139
2217684
1121065
1120951
2132185
1722285
1690990
1933679
1014736
1803782
1743217
622357
2133069
1726052
2143545
518420
1719963
1848136
2144020
1789521
1794512
1484341
2088520
1043921
1462191
1663658
1804674
2102644
2102621
1716176
2026722
1877483
1689796
2152648
1875782
1441275
1839209
1800545
1724401
740689
644083
520464
1861287
2026363
1732537
1390422
1420196
1981283
1981275
1772806
1210282
2090924
1264592
1865515
1818792
1210568
1466195
1692629
1414749
1118160
448349
1686673
1681709
1022383
1683809
1191638
1661840
1694533
774281
1441274
1353457
1016667
1487170
1474516
1692127
1687480
1657697
1488986
1689207
1036466
1456461
1675398
1676821
1691406
393632
1437943
1693918
1663567
1432393
1463081
1285681
1687963
1671997
1163332
1441187
1489721
1684387
1671832
1481341
1456177
1539212
1608580
1440903
1163279
762059
1472045
1201641
1635872
1275291
1435734
1476571
1443209
1487407
1163337
1069633
1039161
1058610
1007543
1366228
1361910
1455090
1475287
668861
1478766
1450853
1306687
1423002
1379665
625747
1201698
417465
1455486
1229237
1146883
678686
1105783
746050
1307284
1055889
1247343
1211656
1388669
1162891
1329909
1035884
1328282
367634
1163272
1037159
401602
1254217
1161206
1189855
1226471
1050200
1119196
731308
1069314
1163276
1065644
798966
728112
1029837
1161770
1179112
732778
1305286
1243296
1074863
170454
1280997
1053978
1004970
1006771
767148
454995
763474
139393
733945
535654
251458
518587
1065863
442671
360246
730913
387425
725388
1023234
464179
2801672
1415019
129794
619120
2430808
2456080
1052384
1408612
758112
860014
1675299
737112
1470271
528445
1686560
1050349
2305951
2278932
2256219
2296648
2295585
2301225
731311
1696214
28504
184010
2091088
1832829
2126416
1048010
1305353
615332
528832
270935
1470275
70578373
70531085
70585923
70280360
70518558
70508454
70477998
70533152
2040035
70468734
70469973
70398931
70204286
2241923
70409779
70317708
2895705
70168371
70143422
70349062
70329778
70359030
70368628
70166348
70369159
70363413
70303555
70170065
70348586
70210470
2414038
70297855
70129453
70237993
70313817
70022093
4604942
70315075
70328477
70175607
70181503
70279544
3326002
70134580
70214544
70294762
70313677
70075654
70231935
4614286
2138844
2989360
4604865
70300402
70200172
2976446
70236811
70166098
70210717
70140535
3153342
70171930
70162895
70022023
3133634
70030490
70081816
3546128
70230118
70065416
70150445
70253913
4589163
70240234
70131180
70281073
4582207
70007640
70149809
70241096
2750501
70083134
70185433
70185523
70160095
70116185
70179011
70154595
70158516
2787561
70099498
4611759
70215116
70236180
70040277
2504542
70124359
70196229
70224847
4562965
70201424
70196497
70221817
70115841
4557584
70222515
70133193
70218607
70203749
70193388
70046256
70095006
70028788
70159894
70175161
70160127
70201181
70178827
70144842
70177049
70153428
70196238
70203693
2504689
70168734
70202387
70196271
70097818
70152901
70197241
70172660
70162623
70192835
70140748
70142294
70135320
70113152
70109508
70162838
70169872
3189772
3428140
4556980
70176723
70182113
70069106
70056302
2274761
70126367
3138963
70172097
70096424
3138154
3426594
70152765
70081303
70139350
4571714
2513741
70056012
70115717
70125530
70116814
70114415
70060236
70096305
70109939
70111419
70112094
70111813
2992584
70057510
70064057
70083032
70096787
683616
4592003
70091135
70067844
70016189
70069215
70068507
3516808
3166467
70052396
3278129
70044761
3620648
2439730
70045183
3612681
3255374
70067616
3513663
3514158
1205946
70069328
3543588
3135905
70013081
70048539
70038669
70038671
1096417
2408683
70058223
3300065
1191335
3140607
70005287
2763468
70022278
3163435
70013395
70004609
3585636
3190918
70008251
3125334
2436259
4599567
4578836
3424417
3136465
3298439
70008493
70002482
2137334
3176551
3167786
4627586
4623782
3264331
673219
3287768
3542317
2467941
3287907
4611609
686042
4594113
4541775
3283070
4106561
2114425
4555989
3219882
3363007
3476469
3526325
1044708
3129292
3455788
3121490
2780686
2731916
2753826
3514919
2803810
3540608
3441002
3503214
2742087
3164466
3496199
3265204
3126166
3140111
3300207
3474096
3155213
3212059
3460855
3117009
3166017
3158976
2402786
2323591
3122693
3140024
2482168
3139937
3151861
3256342
2758903
3125679
3153483
3239961
2458704
2356777
2421839
2398165
2895351
2467969
2805993
2785465
2988045
2804332
2299133
2408639
2732907
2746083
2789665
2749319
2723407
2514372
2621483
2759645
2790523
2401677
2788691
2436628
2674820
2406916
2761366
2730358
2398137
2430154
2668859
2720399
2755171
2456509
2403312
2745168
1093529
2034394
2731265
2739099
2070733
2400973
2303901
2261260
2722083
2351974
2424106
2461066
2514106
2680902
2485933
2074461
364
2404198
1105223
2519631
615396
1422858
644819
1191763
1781176
2507521
2500220
2332467
1730461
1672995
2406503
2268119
2488856
2313572
2437114
1471800
2487787
2368458
1059967
2329433
1885802
2446413
2334585
2192192
2383115
2465645
2423508
2432689
1686105
2338711
1707578
2201667
2436234
2432443
2204225
2437171
2399272
2281213
2434067
1487101
2133863
730699
2229570
2393462
2085673
2291342
2165080
2357219
2114622
2267412
1791308
2227822
1764140
668679
2028322
1223645
1888744
1685747
431858
1685074
1720338
1491197
1412285
1687074
1486779
1672590
1221326
1696634
1678588
1680651
1658946
1694619
1694561
1030111
1676087
1063461
1691328
1658010
1685088
1405228
654997
1197220
964929
1398737
1475624
652882
1408086
1449048
1448129
1448829
1400248
1253481
1443492
1486757
1418882
1275383
1060755
1446049
1475627
1426625
436371
434969
1449500
1390924
1417844
334178
1456664
1403334
1456685
1071156
1065255
1453291
1463241
1464955
350702
1403170
1403180
1403228
1437169
1244098
1462374
777532
1029946
1279962
1405768
1029365
70544573
70574179
70496225
70489984
70402462
70301434
70476339
70600452
70430056
70500108
70430798
70493962
70586186
70406348
70377624
70070344
70556339
70501647
3160189
70158480
70526287
70412302
70587865
70528493
70577944
70502424
70499127
70525204
70506459
70506097
70575841
70315284
70386704
70549680
70522521
70470675
70485073
70040037
70525348
70322083
70340526
70574895
3159046
70507102
70022382
70497479
70522942
70526174
70545375
70505963
70219920
70561548
70557484
70525410
70488770
70517718
70553728
70415760
70534892
70406304
70523131
70531772
70546925
3135622
70549563
70511841
70448344
70506331
70124509
70457836
70139706
70530338
70536682
70523114
70520570
70432278
70244516
2896289
70514907
70531721
70490914
70401421
70165723
70334952
70428698
70447642
70523247
70312996
70047762
70321528
70473215
70333755
70423253
3239501
70519963
70252328
70299216
70177368
70497622
70502417
70504003
70490385
70498443
70474675
70495538
70434204
70499200
70482276
3561009
70325221
70488422
70484944
70476071
70460778
70386283
70465777
3122627
70460602
70458085
70449259
70226770
70413092
70388602
70452738
70427380
70111642
70448400
70361396
70446475
70437542
70400570
70424649
70184206
3161840
70407828
70318977
70289789
1038818
70341345
70293465
70251182
70116205
3537549
70406649
70164001
70125569
70148299
3324857
70239075
70353843
70298622
70336437
70394051
3117840
70383216
2445624
2136928
70225747
70298975
70298697
70313547
70376248
70376337
70157447
70157449
70375161
70336591
70002036
70300940
70366455
70322404
70346805
70158484
3282414
70168542
70160416
70124624
70180262
70315155
3414173
3265052
70283546
70101432
70347334
70148027
70261068
70137764
70342027
70287534
70305461
70196811
70132767
70187353
70177246
70135675
70125081
70208842
3189804
70318478
70248285
70267803
70130217
70320428
3345670
70295832
70185909
70237573
70097269
70279709
70206051
70105399
70167303
70323568
70179785
70325994
70099846
70081866
70164431
70110745
70322202
4538037
70148034
70293054
70248728
70203305
70219872
70321559
70179940
70259476
70176671
70158895
70148661
70297690
70076571
70243927
70316562
70213674
70278713
70175150
70035056
3253004
70308107
70164542
70252604
70266734
70246483
70251605
70184066
70302992
70124012
70001363
70135147
70159548
70158639
70235643
70303771
70300802
70111773
70298010
70151750
70292670
70279536
70292068
3532437
70168842
70028863
70150078
3503154
70236471
70150316
70242573
70153323
70272856
70178630
2423502
70077249
70079092
2305217
70155241
70212774
70033630
70195605
70099862
70125238
70241060
70256063
70003000
70166522
70017052
70270508
70148122
70135984
3118167
70179293
70127652
70026696
70151658
70116863
70146373
3119426
70210376
70160799
70152266
70196669
70188563
70140392
70171386
3347861
70166601
70140886
70179466
70047569
70253039
70046660
70135866
70130399
3481027
70210753
70192984
70240677
70103172
70137521
70235414
70183122
70192688
70163027
70235353
70046997
70160417
70185044
70122777
70184351
70208310
70022758
2392379
3417699
70225144
70047572
70222724
70147462
2428030
70213078
2453266
3418101
70225605
70210283
70180205
70213626
70210907
70145469
2479169
70141326
70153358
70074863
3119800
70195741
3539649
70178064
70167234
70158292
70153333
2510427
3120746
1287168
3136644
70160226
3128065
70184591
70149640
70155137
70082683
3313297
70164130
70162247
70195538
3311038
70195087
70132596
70118643
70023885
2993251
70164726
3265251
70165398
70157049
3380398
2861659
70060627
70175784
3299230
70178916
70148886
70146820
2798179
70155419
70125621
70182536
70161784
3556065
70138791
70159068
70161726
70170136
70160356
3225607
70119602
70154884
70152244
70092794
70038001
70095409
3249834
70161797
70163372
70140611
1052926
70161403
70154964
2726256
70169699
1375096
70149677
70153260
70036012
70113007
3281094
4562525
2975883
70146470
70158324
70012240
70144082
70138171
70074318
70103221
70123974
70130017
70126432
70112271
70124435
70101490
2851578
70123710
70084792
4630731
70059791
70119409
70120246
4625914
70109649
70083715
70109962
70070524
70082876
70080616
70107674
70109142
70107003
70110557
4570638
70106331
2746096
70105653
4530538
4242003
70083095
70083261
3126217
70090072
70085417
70100691
2391225
70083351
70096397
3515578
3279101
70063707
70021247
70065215
70082646
3363514
3543813
3218078
4619530
70080621
3503457
3324930
3115501
70071306
3515525
3144099
4580160
70022269
3423615
70038744
70023349
3534650
70071633
3130570
70035996
70072769
3203997
3533810
2813495
1036706
3137722
4509597
3307523
70034308
4621661
2784186
70050134
3248518
70032104
70021769
70019683
70047544
1836678
3123179
3199936
3249812
2384390
3152831
70014592
761820
2457288
2111962
3601214
3551895
2145854
4622085
70030375
70039534
3224495
3558068
2783371
2157651
3415942
2760279
70040789
70040964
3143073
3165882
2717610
3470286
4567226
70017787
70041062
2816034
3522205
3865992
3329081
70036420
2743746
3155074
4566603
3485365
70001015
3152845
3141409
4556694
70024292
4553017
4605148
3527693
3116049
70004858
3165791
70001402
3560065
3134730
70111341
70520572
70517257
2988959
2801336
1055497
793892
70480483
70074697
